1.001	-0.0005038896583767908	1374.5474770522749	0.00015815391558455917
1.1000980980980979	-0.047995724359493556	15.027129688530525	0.014756320640027814
1.199196196196196	-0.09111222083026949	8.189252367139355	0.027508442133875145
1.298294294294294	-0.1304447391155157	5.887003757055079	0.03875447985345981
1.3973923923923923	-0.16647971920093174	4.7278298287911475	0.04875370037775054
1.4964904904904903	-0.19962167658761917	4.027698913449073	0.057707733583440265
1.5955885885885883	-0.23021021623196475	3.557792533061335	0.06577603689056112
1.6946866866866865	-0.2585328569655057	3.2198248877860864	0.0730865635463998
1.7937847847847848	-0.2848348549586988	2.964566507681712	0.0797433039281838
1.8928828828828828	-0.3093268348988807	2.7646236619059863	0.08583173088351534
1.9919809809809808	-0.33219079236111715	2.6035332651957908	0.09142280587624202
2.091079079079079	-0.353584866988328	2.470801890359031	0.09657597549104782
2.190177177177177	-0.3736471765395449	2.3594207459763252	0.10134144627591972
2.2892752752752754	-0.3924989235181274	2.264528406919584	0.10576193473033733
2.388373373373373	-0.41024693360245623	2.182645067074022	0.10987402988176344
2.4874714714714714	-0.42698574486957735	2.1112131624870063	0.11370926586723457
2.586569569569569	-0.4427993390923257	2.048309864369115	0.11729497463342543
2.6856676676676674	-0.45776258559572497	1.9924610457982674	0.12065497005505173
2.7847657657657656	-0.4719424526976049	1.9425170357456985	0.12381010153329737
2.883863863863864	-0.4853990288947703	1.8975678497592998	0.12677870529825125
2.982961961961962	-0.4981863889812442	1.8568830796571534	0.1295769751084949
3.08206006006006	-0.5103533313974385	1.8198701213618964	0.13221926862465458
3.181158158158158	-0.5219440093528178	1.786042157936862	0.13471836242971663
3.2802562562562563	-0.5329984728205502	1.7549960786880032	0.13708566533032554
3.379354354354354	-0.5435531359330225	1.7263948672112963	0.1393313977840281
3.4784524524524523	-0.553641181816486	1.6999544066994061	0.14146474367777084
3.5775505505505505	-0.5632929142927361	1.6754335346514013	0.14349397932147728
3.6766486486486483	-0.5725360640046085	1.6526261950774639	0.14542658329779973
3.7757467467467465	-0.5813960570074597	1.6313551522849057	0.14726933105689424
3.8748448448448447	-0.5898962495988339	1.6114671144401649	0.14902837595731064
3.973942942942943	-0.598058135090508	1.5928287867245574	0.1507093194215456
4.073041041041041	-0.6059015264070385	1.5753236889719193	0.15231727176311577
4.172139139139139	-0.6134447173313512	1.5588495642671034	0.15385690507717067
4.271237237237237	-0.6207046258231668	1.5433161869162253	0.15533249950749103
4.370335335335335	-0.6276969205367137	1.5286438897716355	0.15674798341591736
4.469433433433434	-0.6344361349703501	1.5147617119443448	0.15810696925614073
4.568531531531532	-0.6409357681543664	1.5016063161200828	0.15941278465174305
4.66762962962963	-0.6472083751892284	1.4891211549671233	0.16066850001769906
4.766727727727727	-0.6532656485423295	1.4772554965992137	0.16187695309974673
4.865825825825826	-0.6591184909148674	1.4659635868798258	0.16304077063922195
4.964923923923924	-0.6647770808132729	1.455204094080688	0.16416238766737978
5.064022022022021	-0.6702509317407164	1.4449396897193152	0.16524406474209238
5.163120120120119	-0.675548945811942	1.4351364727586602	0.16628790338802438
5.262218218218218	-0.6806794623567826	1.4257635744579475	0.167295859961029
5.361316316316316	-0.6856503002675746	1.416792885598492	0.16826975749085454
5.460414414414414	-0.690468800371032	1.4081987334441493	0.1692112977079102
5.559512512512512	-0.6951418594063641	1.3999574861102106	0.1701220702963858
5.65861061061061	-0.6996759644199675	1.3920476913644249	0.17100356241654505
5.757708708708709	-0.7040772219070189	1.3844493419700763	0.17185716658473044
5.856806806806807	-0.7083513858007299	1.3771443144481508	0.17268418825373974
5.955904904904905	-0.7125038824881803	1.370115616907753	0.17348585249934312
6.055003003003003	-0.7165398335293794	1.3633477649692594	0.1742633100503902
6.1541011011011015	-0.7204640772845383	1.3568262823747437	0.17501764300223807
6.2531991991992	-0.724281187571048	1.3505378207498362	0.1757498696774595
6.352297297297296	-0.7279954921982469	1.3444699884260845	0.1764609494672365
6.451395395395394	-0.731611088815315	1.3386111784890664	0.17715178690619016
6.550493493493493	-0.7351318605269868	1.3329507606624331	0.17782323568866884
6.649591591591591	-0.7385614879296047	1.3274786927719353	0.17847610165593172
6.748689689689689	-0.7419034654177636	1.3221855632603623	0.17911114707716552
6.847787787787787	-0.7451611098285048	1.3170627832829533	0.1797290927039337
6.9468858858858855	-0.7483375732217157	1.3121020231612779	0.18033062100507902
7.045983983983984	-0.7514358526174013	1.307295781433594	0.18091637858728596
7.145082082082082	-0.7544587986112967	1.3026368022204289	0.1814869783183614
7.24418018018018	-0.7574091258904595	1.2981183766478763	0.18204300192581957
7.343278278278278	-0.7602894193280239	1.2937342249149524	0.18258500146767553
7.442376376376377	-0.7631021432220527	1.2894783145737128	0.1831135016042568
7.541474474474475	-0.7658496472995356	1.2853451503751951	0.1836290010427662
7.640572572572573	-0.7685341735042914	1.28132936979881	0.18413197417328067
7.7396706706706695	-0.7711578625834425	1.2774260556764425	0.1846228726486028
7.838768768768768	-0.7737227588176623	1.273630500457203	0.18510212651008381
7.937866866866866	-0.7762308164382221	1.2699382415374973	0.18557014572404046
8.036964964964964	-0.7786839036394798	1.26634514024835	0.18602732112133064
8.136063063063062	-0.7810838080087386	1.2628471380653135	0.18647402568930976
8.23516116116116	-0.7834322406469848	1.2594405609666832	0.1869106155314603
8.334259259259259	-0.7857308386279285	1.2561218758850272	0.1873374303993019
8.433357357357357	-0.7879811713302298	1.2528875927263785	0.18775479524184413
8.532455455455455	-0.7901847436973962	1.24973456144668	0.18816302094316267
8.631553553553553	-0.7923429974880919	1.246659792916414	0.18856240458207138
8.730651651651652	-0.7944573160478144	1.2436603119951057	0.1889532305449672
8.82974974974975	-0.796529027902609	1.240733373153747	0.1893357713430319
8.928847847847848	-0.7985594076105893	1.2378764257147845	0.18971028782303032
9.027945945945945	-0.8005496792399152	1.2350869275226937	0.19007702995317424
9.127044044044043	-0.8025010199429804	1.232362473864471	0.19043623762026915
9.226142142142141	-0.8044145607478335	1.2297008669456548	0.19078814082157836
9.32524024024024	-0.8062913889173723	1.2270999260269762	0.1911329601958841
9.424338338338337	-0.8081325510663766	1.224557541604297	0.19147090772252492
9.523436436436436	-0.8099390542784962	1.2220718004644229	0.19180218697222745
9.622534534534534	-0.81171186760496	1.219640822676953	0.19212699344947923
9.721632632632632	-0.8134519247275016	1.217262759507727	0.19244551517126132
9.82073073073073	-0.8151601252807017	1.2149359273914189	0.1927579329654412
9.919828828828829	-0.8168373358076054	1.2126586968762683	0.1930644206867585
10.018926926926927	-0.8184843918953788	1.2104294499775128	0.1933651456865081
10.118025025025025	-0.8201020996301058	1.2082466917706458	0.19366026913180306
10.217123123123121	-0.8216912362634399	1.2061090018274376	0.19394994615395506
10.31622122122122	-0.8232525518815823	1.204014960602492	0.19423432621334774
10.415319319319318	-0.824786771159087	1.201963218993936	0.19451355348799718
10.514417417417416	-0.8262945933626826	1.1999525521970171	0.19478776686068652
10.613515515515514	-0.8277766931608148	1.1979817462330145	0.1950571000887007
10.712613613613613	-0.8292337226996509	1.1960495872046084	0.1953216822756437
10.81171171171171	-0.8306663132780406	1.1941549086715688	0.19558163824261543
10.910809809809809	-0.8320750749256487	1.192296668274684	0.1958370884113698
11.009907907907907	-0.8334605968681935	1.1904738434438338	0.19608814891802254
11.109006006006005	-0.834823449006286	1.1886854116088974	0.19633493192768084
11.208104104104104	-0.8361641833389939	1.1869303638848017	0.19657754593068744
11.307202202202202	-0.837483334355806	1.1852077899253972	0.19681609582670123
11.4063003003003	-0.8387814188494666	1.1835168221191874	0.19705068290612052
11.505398398398398	-0.8400589369873707	1.1818565930041423	0.19728140507150077
11.604496496496495	-0.8413163735889782	1.1802262373391856	0.19750835709285056
11.703594594594593	-0.842554198819205	1.178624948617784	0.19773163075426264
11.802692692692691	-0.8437728679112023	1.1770519830216777	0.1979513148113116
11.90179079079079	-0.8449728218228171	1.1755065997293506	0.19816749512602197
12.000888888888888	-0.8461544881789549	1.1739880579575603	0.19838025486231772
12.099986986986986	-0.8473182820687797	1.172495642439427	0.19858967464996272
12.199085085085084	-0.8484646060346268	1.1710287057168083	0.19879583258567052
12.298183183183182	-0.8495938503045357	1.1695866113253668	0.1989988042909843
12.39728128128128	-0.8507063935393965	1.1681687228007658	0.19919866306109926
12.496379379379379	-0.8518026035694073	1.1667744111157465	0.1993954800102873
12.595477477477477	-0.852882837614576	1.1654031020155	0.1995893241236851
12.694575575575575	-0.8539474422976542	1.1640542454738243	0.19978026226574883
12.793673673673673	-0.8549967541855189	1.1627272915585851	0.19996835928967174
12.892771771771772	-0.8560311003880846	1.1614216915489923	0.20015367815979568
12.991869869869868	-0.8570507989453586	1.1601369299286932	0.2003362800307186
13.090967967967966	-0.8580561587986583	1.1588725272837814	0.2005162242446241
13.190066066066064	-0.8590474801252246	1.157628005982099	0.20069356840099797
13.289164164164163	-0.8600250548259596	1.1564028883355242	0.20086836845461722
13.388262262262261	-0.8609891670561592	1.1551967032297878	0.20104067882495463
13.48736036036036	-0.8619400933068944	1.1540090287303166	0.20121055241542615
13.586458458458457	-0.8628781021037594	1.1528394579215355	0.20137804054448444
13.685556556556556	-0.863803454459226	1.15168758388787	0.20154319304022406
13.784654654654654	-0.864716404432681	1.1505529997137451	0.2017060583589818
13.883752752752752	-0.8656171996895917	1.1494352986678602	0.2018666837037179
13.98285085085085	-0.8665060817901451	1.1483340953558607	0.20202511507965615
14.081948948948948	-0.8673832857073215	1.1472490443094527	0.20218139718845118
14.181047047047047	-0.8682490399576772	1.1461798043436302	0.20233557346521083
14.280145145145145	-0.8691035669942487	1.1451260342733869	0.20248768615650597
14.379243243243243	-0.8699470835864354	1.1440873929137165	0.2026377763936827
14.47834134134134	-0.8707798011987518	1.1430635395683764	0.20278588426590943
14.577439439439438	-0.8716019261949193	1.1420541550798216	0.20293204885855767
14.676537537537536	-0.8724136595436873	1.141058949253333	0.20307630820403696
14.775635635635634	-0.8732151968949189	1.140077633873331	0.203218699303446
14.874733733733732	-0.8740067289053632	1.139109920724236	0.203359258186838
14.97383183183183	-0.874788441568962	1.1381555215904682	0.2034980199737678
15.072929929929929	-0.8755605165418009	1.1372141491766454	0.20363501893299057
15.172028028028027	-0.8763231312100562	1.1362855370928338	0.20377028849952797
15.271126126126125	-0.8770764584483616	1.1353694393489064	0.20390386123584434
15.370224224224224	-0.8778206667862312	1.1344656107687108	0.20403576886240288
15.469322322322322	-0.8785559206433756	1.133573806176094	0.20416604230307134
15.56842042042042	-0.8792823805616895	1.1326937803949033	0.20429471173009878
15.667518518518518	-0.8800002034316308	1.131825289699624	0.20442180660783982
15.766616616616616	-0.880709542537723	1.1309681100342388	0.20454735570053978
15.865714714714713	-0.8814105474219514	1.1301220312643747	0.20467138705130655
15.964812812812811	-0.8821033640140118	1.1292868435297376	0.20479392800957538
16.06391091091091	-0.8827881348203447	1.1284623369700333	0.20491500526552672
16.16300900900901	-0.8834649991128403	1.1276483017249677	0.20503464488434345
16.262107107107106	-0.884134093107311	1.126844529969231	0.20515287233892424
16.361205205205206	-0.8847955499589115	1.1260508317867257	0.20526971251300544
16.460303303303302	-0.885449499685552	1.1252670264060223	0.20538518968946778
16.559401401401402	-0.8860960692938841	1.1244929331181879	0.20549932757350733
16.6584994994995	-0.8867353829234975	1.1237283712142898	0.20561214932027516
16.7575975975976	-0.8873675619908168	1.1229731599853954	0.2057236775624829
16.856695695695695	-0.8879927253212998	1.1222271213875283	0.20583393443572298
16.955793793793795	-0.8886109891361921	1.1214900932420002	0.20594294157647564
17.05489189189189	-0.8892224670185739	1.1207619191019969	0.2060507201175342
17.15398998998999	-0.8898272700179173	1.120042442523199	0.20615729070821917
17.253088088088088	-0.890425506765438	1.1193315070612873	0.20626267353608027
17.352186186186188	-0.8910172835894064	1.1186289562719427	0.2063668883485888
17.451284284284284	-0.8916027046399332	1.117934634979368	0.20646995447727728
17.550382382382384	-0.8921818719168728	1.1172484025502032	0.20657189084520833
17.64948048048048	-0.8927548851168801	1.116570125181805	0.20667271593594835
17.74857857857858	-0.8933218417059732	1.115899669079772	0.2067724478073851
17.847676676676677	-0.8938828370463684	1.1152369004497023	0.2068711041168733
17.946774774774774	-0.894437964523321	1.114581685497194	0.20696870214638197
18.045872872872874	-0.8949873156719654	1.1139338904278457	0.20706525882764146
18.14497097097097	-0.8955309802951759	1.1132933824269151	0.20716079076530644
18.24406906906907	-0.8960690463915152	1.1126600404672955	0.2072553142203382
18.343167167167167	-0.8966016000348814	1.1120337511346234	0.2073488450882539
18.442265265265267	-0.8971287254681698	1.1114144011264364	0.20744139891945312
18.541363363363363	-0.8976505051852489	1.1108018771402723	0.20753299093421948
18.640461461461463	-0.8981670200114062	1.110196065873669	0.2076236360373501
18.73955955955956	-0.8986783491837931	1.109596854024164	0.2077133488327848
18.83865765765766	-0.8991845704317654	1.109004128377534	0.207802143638214
18.937755755755756	-0.8996857600223734	1.108417781856995	0.20789003449342056
19.036853853853856	-0.9001819926741139	1.107837717068022	0.20797703514660146
19.135951951951952	-0.9006733415493474	1.107263837431688	0.20806315905474346
19.235050050050052	-0.9011598783243153	1.1066960463690658	0.2081484193961855
19.33414814814815	-0.9016416732615303	1.1061342473012277	0.2082328290834795
19.433246246246245	-0.9021187952821683	1.1055783436492461	0.20831640077625108
19.532344344344345	-0.902591312038458	1.1050282388341939	0.20839914689406006
19.63144244244244	-0.9030592899683603	1.104483838462279	0.20848107962645654
19.73054054054054	-0.9035227942252771	1.103945057355386	0.20856221092244304
19.829638638638638	-0.9039818886593206	1.1034118126767838	0.20864255248728558
19.928736736736738	-0.904436635872563	1.1028840215880007	0.20872211579240543
20.027834834834835	-0.9048870972695513	1.1023616012505648	0.20880091208480692
20.126932932932935	-0.9053333331078168	1.1018444688260043	0.20887895239650447
20.22603103103103	-0.9057754025483826	1.1013325414758475	0.2089562475539497
20.32512912912913	-0.906213363704658	1.1008257368652221	0.20903280818710374
20.424227227227227	-0.9066472736421488	1.1003239791158999	0.20910864472896507
20.523325325325327	-0.9070771883337895	1.0998271967047206	0.20918376740868438
20.622423423423424	-0.9075031626876565	1.0993353181802639	0.20925818625753473
20.721521521521524	-0.9079252505888769	1.09884827209111	0.20933191111630922
20.82061961961962	-0.9083435049414142	1.0983659869858384	0.20940495164266848
20.919717717717717	-0.9087579777098553	1.097888391413029	0.2094773173184884
21.018815815815817	-0.9091687199610993	1.0974154139621621	0.20954901745719437
21.117913913913913	-0.9095757818835712	1.0969469865753698	0.20962006120773427
21.217012012012013	-0.9099792127473251	1.0964830467819093	0.20969045754872978
21.31611011011011	-0.9103790609154506	1.0960235326186403	0.2097602152902411
21.41520820820821	-0.9107753738768224	1.0955683821224218	0.20982934307974024
21.514306306306306	-0.9111681982780606	1.0951175333301129	0.20989784940804726
21.613404404404406	-0.9115575799554934	1.0946709242785728	0.2099657426152663
21.712502502502502	-0.9119435639671176	1.0942284930046609	0.2100330308967216
21.811600600600602	-0.9123261946197552	1.0937901787368578	0.21009972230796986
21.9106986986987	-0.9127055154533114	1.0933559260384582	0.210165824761975
22.0097967967968	-0.9130815692312846	1.0929256809142567	0.21023134602790827
22.108894894894895	-0.9134543979654048	1.092499389367759	0.21029629373577002
22.207992992992992	-0.9138240429414952	1.09207699740247	0.21036067538108508
22.307091091091092	-0.914190544745332	1.091658451021895	0.2104244983295976
22.40618918918919	-0.9145539432885034	1.091243696229539	0.21048776982196588
22.505287287287288	-0.9149142778355556	1.0908326790758078	0.21055049697873562
22.604385385385385	-0.9152715870323761	1.0904253487440203	0.2106126868061872
22.703483483483485	-0.9156259088590897	1.0900216583038502	0.2106743461875915
22.80258158158158	-0.9159772806151482	1.0896215610283206	0.2107354818800419
22.90167967967968	-0.9163257389494811	1.0892250101904548	0.21079610052018072
23.000777777777778	-0.9166713198916655	1.0888319590632762	0.21085620863013327
23.099875875875878	-0.9170140588830946	1.088442360919808	0.21091581262344172
23.198973973973974	-0.9173539908081478	1.0880561690330735	0.210974918810999
23.298072072072074	-0.9176911500253595	1.087673336676096	0.21103353340698258
23.39717017017017	-0.9180255703640433	1.0872938183852316	0.2110916625280051
23.49626826826827	-0.918357285026233	1.0869175730355698	0.2111493121739489
23.595366366366367	-0.9186863266952314	1.086544560350085	0.2112064882496057
23.694464464464463	-0.9190127275706553	1.0861747400513464	0.21126319657143455
23.793562562562563	-0.9193365193607634	1.0858080718619227	0.21131944286584917
23.89266066066066	-0.9196577332747831	1.085444515504384	0.21137523276750494
23.99175875875876	-0.9199764000152366	1.0850840307012986	0.2114305718175858
24.090856856856856	-0.9202925497702675	1.084726577175236	0.21148546546209115
24.189954954954956	-0.9206062122056156	1.0843721147524237	0.21153991905006422
24.289053053053053	-0.9209174164604037	1.0840206059768087	0.21159393783307398
24.388151151151153	-0.9212261912398644	1.0836720159158284	0.21164752698360478
24.48724924924925	-0.9215325648808085	1.0833263096810855	0.2117006916072793
24.58634734734735	-0.9218365653353827	1.0829834523841826	0.21175343673962527
24.685445445445446	-0.9221382201507652	1.0826434091367225	0.21180576734209897
24.784543543543545	-0.9224375564488604	1.0823061450503078	0.21185768829810875
24.883641641641642	-0.922734600905994	1.081971625236541	0.21190920440903863
24.98273973973974	-0.9230293797326085	1.081639814807025	0.21196032039027163
25.08183783783784	-0.923321918658666	1.0813106794680512	0.21201104086849987
25.180935935935935	-0.9236122430070737	1.080984188078314	0.2120613703968164
25.280034034034035	-0.9239003777903055	1.0806603103093764	0.2121113134716655
25.37913213213213	-0.9241863477045771	1.080339015817734	0.21216087453105867
25.47823023023023	-0.9244701771126367	1.0800202742598821	0.2122100579516528
25.577328328328328	-0.924751890026605	1.0797040552923167	0.21225886804584415
25.676426426426428	-0.9250315100908134	1.0793903285715332	0.21230730905886205
25.775524524524524	-0.9253090605646436	1.0790790637540268	0.21235538516586291
25.874622622622624	-0.9255845643053948	1.0787702305084383	0.2124031004690291
25.97372072072072	-0.9258580437739865	1.078463799942556	0.2124504589986269
26.07281881881882	-0.9261295211301468	1.0781597454225837	0.21249746472968017
26.171916916916917	-0.9263990182687215	1.0778580404382043	0.2125441215884376
26.271015015015017	-0.9266665568065681	1.0775586584790988	0.21259043345013576
26.370113113113113	-0.9269321580689979	1.0772615730349495	0.2126364041366708
26.46921121121121	-0.9271958430762196	1.0769667575954385	0.21268203741426991
26.56830930930931	-0.9274576325297812	1.076674185650247	0.2127273369911632
26.667407407407406	-0.9277175467990131	1.0763838306890576	0.21277230651525506
26.766505505505506	-0.9279756059089005	1.076095666387421	0.21281694957205108
26.865603603603603	-0.9282318295737308	1.0758096684325922	0.21286126969068261
26.964701701701703	-0.9284862372710704	1.075525813567157	0.21290527035692697
27.0637997997998	-0.9287388482444562	1.0752440785244077	0.21294895501366948
27.1628978978979	-0.9289896814926563	1.074964440037636	0.21299232705906693
27.261995995995996	-0.929238755759089	1.0746868748401333	0.21303538984474102
27.361094094094096	-0.9294860895212428	1.074411359665192	0.2130781466739721
27.460192192192192	-0.9297317009800958	1.0741378712461036	0.2131206007998928
27.559290290290292	-0.9299756080495366	1.0738663863161602	0.2131627554236817
27.65838838838839	-0.9302178283403654	1.0735968819055794	0.21320461369163843
27.75748648648649	-0.9304583791813973	1.0733293370401427	0.21324617869855236
27.856584584584585	-0.9306972777199297	1.0730637314898988	0.2132874535062324
27.95568268268268	-0.9309345409292624	1.0728000450251698	0.21332844114499766
28.05478078078078	-0.9311701855941669	1.072538257416278	0.21336914461101908
28.153878878878878	-0.9314042282963553	1.072278348433546	0.21340956686366108
28.252976976976978	-0.9316366853999494	1.0720202978472957	0.21344971082282324
28.352075075075074	-0.9318675730369492	1.0717640854278492	0.21348957936628166
28.451173173173174	-0.9320969070927021	1.071509690945529	0.2135291753270308
28.55027127127127	-0.9323247031913712	1.0712570941706574	0.21356850149062492
28.64936936936937	-0.9325509766816749	1.0710062749118934	0.21360756059257405
28.748467467467467	-0.9327757426633121	1.0707572144467659	0.21364635532360904
28.847565565565567	-0.93299901608467	1.0705098954232104	0.2136848883476055
28.946663663663664	-0.9332208117437348	1.0702643004561934	0.2137231623007884
29.045761761761764	-0.9334411442770123	1.0700204121606813	0.21376117978974815
29.14485985985986	-0.9336600281514215	1.0697782131516405	0.21379894339011404
29.243957957957956	-0.933877477656189	1.0695376860440373	0.21383645564522755
29.343056056056056	-0.9340935068947437	1.0692988134528383	0.2138737190648157
29.442154154154153	-0.9343081297766098	1.06906157799301	0.21391073612366446
29.541252252252253	-0.9345213600093021	1.0688259622795186	0.21394750926029196
29.64035035035035	-0.9347332110902192	1.0685919489273308	0.2139840408756221
29.73944844844845	-0.9349436962995545	1.0683595207274168	0.21402033333184028
29.838546546546546	-0.9351528287264045	1.0681286620646258	0.21405638895699888
29.937644644644646	-0.9353606213265613	1.0678993579377825	0.2140922100547214
30.036742742742742	-0.9355670869269329	1.0676715933198762	0.21412779890483408
30.135840840840842	-0.935772238218096	1.067445353183896	0.2141631577621654
30.23493893893894	-0.9359760877469016	1.0672206225028316	0.2141982888553593
30.33403703703704	-0.9361786479090819	1.0669973862496718	0.2142331943856884
30.433135135135135	-0.9363799309418562	1.0667756293974062	0.21426787652586754
30.532233233233235	-0.936579948916538	1.0665553369190242	0.2143023374188668
30.63133133133133	-0.9367787137311402	1.0663364937875146	0.2143365791767252
30.730429429429428	-0.9369762371029825	1.0661190849758673	0.21437060387936366
30.829527527527528	-0.9371725305666722	1.0659030958698563	0.21440441357425694
30.928625625625624	-0.9373676055181028	1.065688513250202	0.21443801028368142
31.027723723723724	-0.9375614732445726	1.0654753240648311	0.2144713960099995
31.12682182182182	-0.9377541449191753	1.0652635152586951	0.21450457273481557
31.22591991991992	-0.9379456315954686	1.0650530737767456	0.21453754241807776
31.325018018018017	-0.9381359442021496	1.064843986563934	0.2145703069971808
31.424116116116117	-0.9383250935377303	1.0646362405652123	0.21460286838606893
31.523214214214214	-0.9385130902652131	1.0644298227255318	0.21463522847433864
31.622312312312314	-0.9386999449067668	1.0642247199898442	0.21466738912634162
31.72141041041041	-0.9388856678384011	1.0640209193031012	0.21469935218028757
31.82050850850851	-0.9390702692846638	1.0638184076186803	0.214731119447351
31.919606606606607	-0.9392537593235432	1.0636171725885581	0.2147626927126039
32.0187047047047	-0.9394361479255822	1.063417202794149	0.21479407374181575
32.1178028028028	-0.9396174449662209	1.0632184868376808	0.2148252642834148
32.216900900900896	-0.9397976602214139	1.063021013321381	0.21485626606774644
32.315998998999	-0.9399768033634018	1.0628247708474772	0.214887080806386
32.415097097097096	-0.9401548839564835	1.0626297480181972	0.21491771019145184
32.51419519519519	-0.9403319114527868	1.0624359334357687	0.21494815589491814
32.61329329329329	-0.9405078951880412	1.0622433157024196	0.2149784195679281
32.71239139139139	-0.9406828443773484	1.0620518834203772	0.21500850284010667
32.81148948948949	-0.9408567681109549	1.061861625191869	0.21503840731887366
32.910587587587585	-0.9410296753504295	1.0616725296846188	0.2150681345888233
33.00968568568568	-0.9412015749416247	1.0614845864276774	0.2150976862138944
33.10878378378378	-0.9413724756448776	1.0612977854359162	0.21512706374250326
33.20788188188188	-0.9415423861367812	1.061112116714564	0.21515626870790747
33.30697997997998	-0.9417113150067775	1.0609275702688494	0.21518530262764052
33.406078078078075	-0.9418792707538894	1.0607441361040013	0.2152141670029676
33.50517617617617	-0.9420462617834545	1.0605618042252485	0.21524286331834153
33.60427427427427	-0.9422122964038575	1.0603805646378193	0.21527139304085846
33.70337237237237	-0.9423773828232634	1.0602004073469429	0.21529975761971382
33.80247047047047	-0.9425415291463506	1.0600213223578479	0.21532795848565817
33.901568568568564	-0.9427047433710436	1.0598432996757627	0.21535599705045302
34.00066666666666	-0.9428670333809593	1.0596663292698028	0.21538387470551434
34.099764764764764	-0.9430284069311932	1.0594904018166347	0.21541159281908254
34.19886286286286	-0.9431888717044048	1.0593155086960808	0.21543915274637493
34.29796096096096	-0.9433484353302805	1.0591416412997696	0.2154665558331947
34.39705905905905	-0.943507105380713	1.0589687910193297	0.21549380341506133
34.49615715715716	-0.9436648893648886	1.0587969492463891	0.2155208968163235
34.59525525525525	-0.9438217947243729	1.058626107372576	0.21554783734927194
34.69435335335335	-0.9439778288281974	1.058456256789519	0.2155746263132524
34.793451451451446	-0.9441329989679454	1.0582873888888464	0.21560126499377846
34.89254954954954	-0.9442873123528388	1.0581194950621864	0.2156277546616445
34.991647647647646	-0.9444407761048241	1.057952566701167	0.21565409657203852
35.09074574574574	-0.9445933972536585	1.0577865951974172	0.2156802919636551
35.18984384384384	-0.9447451827319967	1.0576215719425648	0.21570634205780823
35.288941941941935	-0.9448961393704768	1.0574574883282384	0.2157322480575442
35.38804004004004	-0.9450462738928065	1.057294335746066	0.2157580111467546
35.487138138138135	-0.945195592916765	1.0571321059472925	0.2157836324904675
35.58623623623623	-0.9453441030017375	1.0569707917378135	0.21580911324393579
35.68533433433433	-0.9454918106671891	1.0568103858666926	0.21583445455529596
35.78443243243243	-0.9456387223835655	1.0566508810751682	0.2158596575636325
35.88353053053053	-0.9457848445692872	1.0564922701044794	0.21588472339849787
35.982628628628625	-0.9459301835877758	1.0563345456958644	0.215909653179439
36.08172672672672	-0.9460747457444787	1.0561777005905624	0.21593444801552408
36.180824824824825	-0.9462185372838957	1.0560217275298116	0.2159591090048691
36.27992292292292	-0.9463615643866041	1.0558666192548511	0.21598363723416436
36.37902102102102	-0.9465038331662846	1.0557123685069196	0.2160080337782013
36.478119119119114	-0.9466453496667467	1.0555589680272557	0.21603229969939886
36.57721721721721	-0.9467861198589549	1.055406410557098	0.21605643604733027
36.676315315315314	-0.9469261496380538	1.0552546888376855	0.2160804438582496
36.77541341341341	-0.947065444820394	1.0551037956102567	0.21610432415461833
36.87451151151151	-0.9472040111405577	1.0549537236160502	0.21612807794463204
36.9736096096096	-0.9473418542512222	1.05480446590647	0.21615170622226978
37.07270770770771	-0.9474789797486424	1.0546560163594436	0.21617520997171646
37.1718058058058	-0.9476153931917367	1.0545083688152206	0.21619859017018966
37.2709039039039	-0.9477511000997951	1.054361517110499	0.21622184778745562
37.370002002001996	-0.9478861059498923	1.0542154550819782	0.21624498378544202
37.4691001001001	-0.9480204161743048	1.0540701765663567	0.21626799911785186
37.568198198198196	-0.9481540361579286	1.0539256754003337	0.21629089472977717
37.66729629629629	-0.9482869712356964	1.0537819454206077	0.21631367155731288
37.76639439439439	-0.9484192266899948	1.0536389804638777	0.2163363305271704
37.865492492492486	-0.9485508077480813	1.0534967743668426	0.21635887255629171
37.96459059059059	-0.9486817195795023	1.0533553209662012	0.21638129855146282
38.063688688688686	-0.9488119672935096	1.0532146140986522	0.21640360940892767
38.16278678678678	-0.948941555936478	1.0530746476008948	0.216425806014002
38.26188488488488	-0.949070490489323	1.0529354153096273	0.21644788924068692
38.36098298298298	-0.9491987758649174	1.0527969110615492	0.21646985995128287
38.46008108108108	-0.9493264169091953	1.052659128962906	0.21649171899654052
38.559179179179175	-0.9494534184264874	1.0525220637728059	0.21651346721951256
38.65827727727727	-0.9495797851898785	1.0523857102262097	0.21653510545739654
38.757375375375375	-0.9497055219376795	1.0522500630567342	0.21655663454105747
38.85647347347347	-0.9498306333716272	1.052115116997996	0.21657805529473811
38.95557157157157	-0.9499551241550837	1.0519808667836117	0.21659936853576983
39.054669669669664	-0.9500789989112374	1.0518473071471977	0.21662057507428323
39.15376776776776	-0.9502022622213038	1.0517144328223706	0.21664167571291898
39.252865865865864	-0.9503249186227256	1.0515822385427473	0.21666267124653846
39.35196396396396	-0.9504469726073737	1.0514507190419444	0.21668356246193446
39.45106206206206	-0.9505684286197473	1.051319869053578	0.21670435013754208
39.550160160160154	-0.9506892910551746	1.0511896833112655	0.21672503504314922
39.64925825825826	-0.9508095642580138	1.0510601565486226	0.21674561793960748
39.748356356356354	-0.9509292525198527	1.0509312834992668	0.21676609957854287
39.84745445445445	-0.9510483600777103	1.050803058896814	0.21678648070206646
39.946552552552546	-0.9511668911149198	1.0506754777101834	0.21680676204295718
40.04565065065065	-0.9512848497788535	1.0505485354259956	0.21682694432768085
40.144748748748746	-0.9514022401892098	1.050422227516321	0.21684702827763333
40.24384684684684	-0.951519066436027	1.0502965494528929	0.21686701460878263
40.34294494494494	-0.9516353325782934	1.050171496707444	0.21688690403145547
40.44204304304304	-0.951751042642558	1.0500470647517073	0.21690669725012382
40.54114114114114	-0.9518662006215409	1.0499232490574162	0.2169263949631916
40.640239239239236	-0.9519808104727435	1.0498000450963032	0.2169459978627813
40.73933733733733	-0.9520948761170591	1.0496774483401017	0.21696550663452055
40.83843543543543	-0.9522084014373832	1.0495554542605448	0.2169849219573288
40.93753353353353	-0.9523213902772237	1.049434058329365	0.2170042445032038
41.03663163163163	-0.9524338464393123	1.0493132560182958	0.2170234749370084
41.135729729729725	-0.9525457736842134	1.04919304279907	0.2170426139162571
41.23482782782782	-0.9526571757289359	1.0490734141434208	0.2170616620909025
41.333925925925925	-0.9527680562455426	1.0489543655230809	0.21708062010312223
41.43302402402402	-0.9528784188622194	1.0488358926195505	0.21709948858748718
41.53212212212212	-0.9529882671775975	1.0487179915285054	0.21711826817323637
41.631220220220214	-0.9530976047662835	1.0486006583354457	0.21713695948522035
41.73031831831832	-0.9532064351772721	1.0484838891258572	0.21715556314366405
41.829416416416414	-0.9533147619329055	1.0483676799852257	0.21717407976400144
41.92851451451451	-0.9534225885278306	1.0482520269990372	0.2171925099567104
42.02761261261261	-0.9535299184279582	1.0481369262527769	0.2172108543271475
42.126710710710704	-0.953636755069421	1.048022373831931	0.21722911347538262
42.22580880880881	-0.9537431018575321	1.047908365821985	0.2172472879960338
42.324906906906904	-0.9538489621657429	1.0477948983084249	0.21726537847810193
42.424005005005	-0.9539543393346023	1.0476819673767366	0.21728338550480567
42.5231031031031	-0.954059236670714	1.0475695691124054	0.21730130965341599
42.6222012012012	-0.9541636574456959	1.0474576996009175	0.2173191514950911
42.7212992992993	-0.9542676048951375	1.0473463549277586	0.21733691159471108
42.82039739739739	-0.954371082217559	1.0472355311784267	0.21735459051071268
42.91949549549549	-0.9544740925725573	1.047125224552128	0.21737218879473882
43.01859359359359	-0.954576639085751	1.0470154316092366	0.21738970699235077
43.11769169169169	-0.954678724863518	1.0469061489798945	0.21740714564565264
43.216789789789786	-0.9547803529942672	1.0467973732942444	0.21742450529354332
43.31588788788788	-0.9548815265471997	1.0466891011824282	0.21744178647150408
43.41498598598598	-0.9549822485710722	1.0465813292745887	0.2174589897113862
43.51408408408408	-0.9550825220929594	1.0464740542008675	0.21747611554119842
43.61318218218218	-0.9551823501170167	1.0463672725914075	0.21749316448489478
43.712280280280275	-0.955281735623243	1.0462609810763508	0.217510137062162
43.81137837837837	-0.9553806815662433	1.0461551762858394	0.21752703378820717
43.910476476476475	-0.9554791908739911	1.0460498548500161	0.21754385517354533
44.00957457457457	-0.9555772664465915	1.045945013399023	0.21756060172378705
44.10867267267267	-0.9556749111550433	1.045840648563002	0.2175772739394261
44.207770770770765	-0.9557721278400024	1.045736756972096	0.217593872315627
44.30686886886887	-0.955868919310544	1.0456333352564469	0.21761039734201246
44.405966966966965	-0.955965288342925	1.045530380046197	0.21762684950245126
44.50506506506506	-0.9560612376793475	1.0454278879714887	0.21764322927484572
44.60416316316316	-0.9561567700280267	1.0453258557558527	0.21765953713116407
44.703261261261254	-0.9562518880776681	1.0452242805215664	0.21767577354008616
44.80235935935936	-0.9563465945040093	1.0451231593944583	0.21769193896799757
44.901457457457454	-0.9564408919658403	1.0450224894928297	0.21770803387819684
45.00055555555555	-0.9565347831042784	1.044922267934982	0.21772405873078252
45.09965365365365	-0.9566282705420984	1.0448224918392164	0.2177400139825505
45.19875175175175	-0.9567213568830617	1.0447231583238341	0.21775590008689172
45.29784984984985	-0.9568140447112469	1.0446242645071366	0.2177717174936897
45.39694794794794	-0.9569063365903796	1.044525807507425	0.21778746664921814
45.49604604604604	-0.9569982350631623	1.0444277844430008	0.21780314799603845
45.59514414414414	-0.9570897426506043	1.044330192432165	0.21781876197289737
45.69424224224224	-0.9571808618513518	1.044233028593219	0.2178343090146245
45.793340340340336	-0.9572715951410177	1.0441362900444642	0.21784978955202985
45.89243843843843	-0.9573619449715116	1.0440399739042017	0.2178652040118015
45.991536536536536	-0.9574519137703698	1.0439440772907327	0.2178805528164031
46.09063463463463	-0.9575415039400852	1.0438485973223588	0.21789583638397136
46.18973273273273	-0.957630717857437	1.043753531117381	0.21791105512821388
46.288830830830825	-0.9577195578728845	1.0436588758146648	0.21792620945831684
46.38792892892892	-0.9578080263137894	1.0435646288424247	0.21794129977947266
46.487027027027025	-0.9578961254928435	1.0434707877383727	0.21795632649422733
46.58612512512512	-0.9579838577091067	1.043377350022987	0.21797129000263585
46.68522322322322	-0.9580712252473507	1.0432843132167462	0.2179861907021607
46.784321321321315	-0.958158230377457	1.0431916748401284	0.21800102898757942
46.88341941941942	-0.9582448753538131	1.043099432413612	0.21801580525089218
46.982517517517515	-0.9583311624147091	1.0430075834576753	0.21803051988122912
47.08161561561561	-0.9584170937817343	1.0429161254927968	0.218045173264758
47.18071371371371	-0.9585026716591741	1.0428250560394547	0.2180597657845917
47.27981181181181	-0.9585878982334065	1.0427343726181273	0.21807429782069565
47.37890990990991	-0.9586727756722985	1.0426440727492932	0.21808876974979544
47.478008008008004	-0.958757306124603	1.0425541539534304	0.21810318194528422
47.5771061061061	-0.9588414917193556	1.0424646137510174	0.21811753477713033
47.6762042042042	-0.9589253345652711	1.0423754496625328	0.21813182861178473
47.7753023023023	-0.9590088367501396	1.0422866592084543	0.21814606381208854
47.8744004004004	-0.9590920003402241	1.0421982399092609	0.21816024073718052
47.97349849849849	-0.9591748273796581	1.0421101892864115	0.21817435974240484
48.07259659659659	-0.9592573198919553	1.042022505021512	0.21818842117954046
48.17169469469469	-0.9593394798880234	1.0419351849859662	0.21820242539806267
48.27079279279279	-0.9594213093672403	1.0418482270347087	0.21821637274536315
48.369890890890886	-0.9595028103166424	1.041761629022674	0.21823026356662892
48.46898898898898	-0.9595839847104958	1.0416753888047972	0.21824409820477375
48.568087087087086	-0.959664834509868	1.0415895042360122	0.21825787700036922
48.66718518518518	-0.9597453616621998	1.041503973171254	0.21827160029157608
48.76628328328328	-0.9598255681008776	1.041418793465457	0.2182852684140754
48.865381381381376	-0.9599054557448043	1.041333962973556	0.2182988817009999
48.96447947947947	-0.9599850264979717	1.0412494795504854	0.21831244048286516
49.063577577577576	-0.9600642822490322	1.04116534105118	0.21832594508750092
49.16267567567567	-0.9601432248708701	1.0410815453305742	0.21833939583998221
49.26177377377377	-0.9602218562201743	1.0409980902436025	0.21835279306256067
49.360871871871865	-0.9603001781370091	1.0409149736451997	0.21836613707459585
49.45996996996997	-0.9603781924443866	1.0408321933903002	0.2183794281924863
49.559068068068065	-0.9604559009478384	1.0407497473338387	0.21839266672960095
49.65816616616616	-0.9605333054349872	1.04066763333075	0.21840585299621035
49.75726426426426	-0.9606104076755839	1.0405858492968019	0.2184189872994989
49.85636236236236	-0.9606872094261864	1.0405043933612605	0.2184320699443615
49.95546046046046	-0.9607637124334233	1.0404232636604227	0.21844510123391697
50.054558558558554	-0.9608399184334508	1.0403424583288814	0.21845808146940585
50.15365665665665	-0.9609158291516122	1.040261975501229	0.2184710109501375
50.252754754754754	-0.9609914463021009	1.0401818133120588	0.21848388997343768
50.35185285285285	-0.9610667715876241	1.0401019698959633	0.21849671883459654
50.45095095095095	-0.9611418066990658	1.0400224433875354	0.21850949782681608
50.55004904904904	-0.9612165533151499	1.0399432319213677	0.21852222724115805
50.64914714714714	-0.9612910131021037	1.0398643336320534	0.21853490736649162
50.74824524524524	-0.9613651877133211	1.0397857466541849	0.21854753848944108
50.84734334334334	-0.9614390787890259	1.0397074691223551	0.2185601208943337
50.946441441441436	-0.9615126879559346	1.039629499171157	0.21857265486314723
51.04553953953953	-0.9615860168269202	1.039551834935183	0.2185851406754579
51.144637637637636	-0.9616590670006754	1.0394744745490263	0.2185975786083879
51.24373573573573	-0.9617318400613751	1.0393974161472794	0.21860996893655332
51.34283383383383	-0.9618043375783408	1.0393206578645353	0.21862231193201176
51.441931931931926	-0.961876561105784	1.039244197851683	0.2186346078642226
51.54103003003003	-0.9619485121852225	1.0391680344284255	0.2186468570004291
51.640128128128126	-0.9620201923494053	1.0390921659711463	0.21865905960629756
51.73922622622622	-0.9620916031221133	1.039016590850097	0.21867121594589833
51.83832432432432	-0.9621627460178609	1.0389413074355296	0.21868332628165865
51.937422422422415	-0.9622336225416385	1.0388663140976953	0.21869539087432152
52.03652052052052	-0.9623042341886556	1.038791609206846	0.21870740998290472
52.135618618618615	-0.9623745824440838	1.0387171911332338	0.21871938386465967
52.23471671671671	-0.9624446687827992	1.0386430582471098	0.21873131277503044
52.33381481481481	-0.9625144946691255	1.038569208918726	0.2187431969676127
52.43291291291291	-0.962584061556577	1.038495641518334	0.21875503669411256
52.53201101101101	-0.962653370887601	1.0384223544161855	0.2187668322043056
52.631109109109104	-0.9627224240933208	1.0383493459825321	0.21877858374599576
52.7302072072072	-0.962791222593279	1.0382766145876259	0.21879029156497437
52.829305305305304	-0.9628597677951797	1.0382041586017179	0.21880195590497895
52.9284034034034	-0.9629280610946315	1.0381319763950603	0.21881357700765228
53.0275015015015	-0.9629961038748907	1.0380600663379047	0.21882515511250125
53.126599599599594	-0.9630638975065973	1.0379884268004402	0.21883669045685467
53.22569769769769	-0.9631314433466872	1.0379170562024291	0.2188481832756584
53.324795795795794	-0.9631987427402933	1.0378459531053044	0.21885963380176832
53.42389389389389	-0.9632657970258418	1.0377751160945006	0.2188710422668566
53.52299199199199	-0.9633326075352949	1.0377045437554528	0.2188824089014587
53.62209009009008	-0.9633991755938205	1.037634234673596	0.21889373393491707
53.72118818818819	-0.963465502519464	1.0375641874343648	0.21890501759532457
53.82028628628628	-0.9635315896228183	1.0374944006231943	0.21891626010946846
53.91938438438438	-0.963597438206696	1.0374248728255193	0.21892746170277377
54.018482482482476	-0.9636630495657992	1.0373556026267743	0.21893862259924712
54.11758058058058	-0.9637284249863908	1.0372865886123945	0.21894974302142015
54.216678678678676	-0.9637935657459658	1.037217829367815	0.21896082319029342
54.31577677677677	-0.9638584731129216	1.0371493234784699	0.21897186332527985
54.41487487487487	-0.9639231483462295	1.0370810695297947	0.21898286364414843
54.51397297297297	-0.9639875926951054	1.0370130661072239	0.2189938243629679
54.61307107107107	-0.9640518073986802	1.0369453117961926	0.21900474569605036
54.712169169169165	-0.9641157936856721	1.0368778051821355	0.21901562785589482
54.81126726726726	-0.9641795527740561	1.0368105448504876	0.21902647105313106
54.91036536536536	-0.9642430858707356	1.0367435293866836	0.21903727549646304
55.00946346346346	-0.9643063941712134	1.0366767573761584	0.2190480413926127
55.10856156156156	-0.9643694788592624	1.0366102274043467	0.21905876894626347
55.207659659659654	-0.9644323411067955	1.03654393807819	0.21906945836004132
55.30675775775775	-0.9644949820781112	1.0364778881696095	0.21908010983529333
55.405855855855854	-0.9645574029333265	1.036412076469558	0.21909072357265563
55.50495395395395	-0.9646196048266134	1.0363465017609244	0.21910129977169834
55.60405205205205	-0.9646815889059315	1.0362811628265984	0.2191118386308811
55.703150150150144	-0.9647433563128495	1.0362160584494693	0.21912234034752529
55.80224824824825	-0.9648049081823649	1.0361511874124258	0.2191328051177866
55.901346346346344	-0.9648662456427254	1.036086548498358	0.21914323313662742
56.00044444444444	-0.9649273698152488	1.0360221404901544	0.2191536245977891
56.09954254254254	-0.9649882818141446	1.0359579621707047	0.21916397969376447
56.19864064064063	-0.9650489827463339	1.0358940123228981	0.21917429861577023
56.29773873873874	-0.9651094737112702	1.0358302897296237	0.21918458155371925
56.39683683683683	-0.9651697558007603	1.0357667931737708	0.21919482869619308
56.49593493493493	-0.9652298300987849	1.0357035214382286	0.2192050402304143
56.595033033033026	-0.9652896976813191	1.0356404733058866	0.2192152163422189
56.69413113113113	-0.9653493596161531	1.0355776475596339	0.21922535721602873
56.793229229229226	-0.965408816962713	1.0355150429823596	0.21923546303482377
56.89232732732732	-0.9654680707718812	1.0354526583569532	0.21924553398011476
56.99142542542542	-0.9655271220858175	1.035390492466304	0.21925557023191533
57.09052352352352	-0.9655859719377792	1.0353285440933009	0.2192655719687146
57.18962162162162	-0.9656446213519422	1.0352668120208335	0.21927553936744945
57.288719719719715	-0.965703071343508	1.0352052950839914	0.21928547260352463
57.38781781781781	-0.9657613229211702	1.0351439922415018	0.2192953718512154
57.48691591591591	-0.965819377088789	1.0350829024406292	0.21930523728392753
57.58601401401401	-0.965877234845222	1.0350220246282036	0.21931506907416756
57.68511211211211	-0.9659348971841614	1.0349613577510555	0.21932486739351773
57.784210210210205	-0.9659923650939698	1.0349009007560153	0.21933463241261114
57.8833083083083	-0.966049639557518	1.034840652589913	0.2193443643011067
57.982406406406405	-0.9661067215520209	1.0347806121995793	0.2193540632276642
58.0815045045045	-0.9661636120488748	1.034720778531844	0.21936372935991932
58.1806026026026	-0.9662203120134936	1.034661150533538	0.21937336286445866
58.279700700700694	-0.9662768224051462	1.0346017271514911	0.2193829639067949
58.3787987987988	-0.9663331441767928	1.0345425073325338	0.21939253265134162
58.477896896896894	-0.9663892782749218	1.0344834900234965	0.21940206926138853
58.57699499499499	-0.9664452256393865	1.0344246741712095	0.21941157389907642
58.67609309309309	-0.9665009872032421	1.0343660587225028	0.21942104672537222
58.77519119119119	-0.9665565638925816	1.034307642624207	0.219430487900044
58.87428928928929	-0.966611956626374	1.0342494248231524	0.21943989758163604
58.97338738738738	-0.9666671663162996	1.034191404266169	0.21944927592744387
59.07248548548548	-0.9667221938665876	1.0341335799000875	0.2194586230934893
59.171583583583576	-0.9667770401738529	1.034075950671738	0.21946793923449545
59.27068168168168	-0.9668317061269378	1.0340185155301393	0.21947722450386267
59.369779779779776	-0.9668861926078206	1.0339612735090755	0.21948647905380586
59.46887787787787	-0.9669405004943306	1.033904223701328	0.21949570303578217
59.56797597597597	-0.9669946306600897	1.0338473651909958	0.21950489660049943
59.66707407407407	-0.9670485839742856	1.0337906970621786	0.21951405989788203
59.76617217217217	-0.9671023613015546	1.0337342183989757	0.2195231930770522
59.865270270270265	-0.9671559635018641	1.0336779282854862	0.21953229628631127
59.96436836836836	-0.9672093914303963	1.0336218258058096	0.219541369673121
60.063466466466465	-0.9672626459374312	1.0335659100440453	0.21955041338408485
60.16256456456456	-0.967315727868229	1.0335101800842925	0.21955942756492924
60.26166266266266	-0.9673686380629137	1.0334546350106508	0.21956841236048483
60.360760760760755	-0.9674213773563559	1.0333992739072193	0.21957736791466786
60.45985885885885	-0.9674739465780559	1.0333440958580973	0.2195862943704614
60.558956956956955	-0.9675263465520265	1.0332890999473843	0.21959519186989654
60.65805505505505	-0.9675785780966764	1.0332342852591796	0.2196040605540339
60.75715315315315	-0.9676306420246926	1.0331796508775823	0.21961290056294466
60.856251251251244	-0.9676825391429242	1.0331251958866923	0.21962171203569203
60.95534934934935	-0.967734270252265	1.0330709193706085	0.2196304951103124
61.054447447447444	-0.9677858361475363	1.0330168204134302	0.2196392499237968
61.15354554554554	-0.9678372376173703	1.0329628980992571	0.21964797661207192
61.25264364364364	-0.9678884754440928	1.0329091515121882	0.21965667530998162
61.35174174174174	-0.9679395504036666	1.0328555797491017	0.2196653461512786
61.45083983983984	-0.9679904632669533	1.0328021819976203	0.21967398926884052
61.54993793793793	-0.9680412148012364	1.0327489574603943	0.21968260479491555
61.64903603603603	-0.9680918057700568	1.0326959053370401	0.21969119286108751
61.748134134134126	-0.9681422369331074	1.0326430248271752	0.21969975359825916
61.84723223223223	-0.9681925090461406	1.0325903151304165	0.21970828713663804
61.946330330330326	-0.9682426228608761	1.0325377754463811	0.21971679360572194
62.04542842842842	-0.9682925791249085	1.0324854049746859	0.21972527313428472
62.14452652652652	-0.968342378581614	1.032433202914948	0.21973372585036188
62.24362462462462	-0.9683920219700587	1.0323811684667843	0.21974215188123636
62.34272272272272	-0.9684415100249054	1.0323293008298118	0.21975055135342397
62.441820820820816	-0.9684908434763217	1.0322775992036477	0.21975892439265932
62.54091891891891	-0.968540023049887	1.0322260627879092	0.21976727112388125
62.640017017017016	-0.9685890494664997	1.032174690782213	0.21977559167121863
62.73911511511511	-0.9686379234422855	1.032123482386176	0.21978388615797606
62.83821321321321	-0.9686866456885043	1.0320724367994156	0.2197921547066194
62.937311311311305	-0.9687352169114575	1.0320215532215486	0.21980039743876148
63.0364094094094	-0.9687836378123957	1.031970830852192	0.21980861447514788
63.135507507507505	-0.9688319090874267	1.0319202688909632	0.21981680593564243
63.2346056056056	-0.9688800314274216	1.0318698665374786	0.21982497193921297
63.3337037037037	-0.9689280055179237	1.0318196229913559	0.21983311260391697
63.432801801801794	-0.9689758320392823	1.0317695374836868	0.21984122804692263
63.5318998998999	-0.9690235116681573	1.031719609315636	0.21984931838474767
63.630997997997994	-0.9690710450780852	1.03166983778482	0.21985738373335548
63.73009609609609	-0.9691184329393085	1.0316202221887705	0.21986542420813007
63.82919419419419	-0.9691656759187047	1.0315707618250187	0.21987343992386468
63.92829229229229	-0.9692127746797152	1.031521455991096	0.2198814309947503
64.0273903903904	-0.9692597298822737	1.031472303984534	0.2198893975343646
64.12648848848849	-0.9693065421827353	1.0314233051028638	0.21989733965566038
64.22558658658659	-0.9693532122338048	1.0313744586436173	0.21990525747095446
64.32468468468468	-0.9693997406844659	1.0313257639043256	0.21991315109191617
64.42378278278278	-0.96944612817991	1.0312772201825202	0.2199210206295561
64.52288088088088	-0.9694923753614646	1.0312288267757326	0.21992886619421487
64.62197897897897	-0.9695384828665221	1.031180582981494	0.2199366878955516
64.72107707707707	-0.9695844513284688	1.0311324880973358	0.21994448584253284
64.82017517517518	-0.9696302813766136	1.0310845414207896	0.21995226014342106
64.91927327327328	-0.9696759736361164	1.031036742249387	0.2199600109057634
65.01837137137137	-0.9697215287279174	1.0309890898806588	0.2199677382363803
65.11746946946947	-0.9697669472686655	1.030941583612137	0.2199754422413543
65.21656756756757	-0.9698122298706473	1.030894222741353	0.21998312302601855
65.31566566566566	-0.9698573771417153	1.0308470065658377	0.21999078069494563
65.41476376376377	-0.9699023896852095	1.0307999343828924	0.21999841535193473
65.51386186186187	-0.9699472680994042	1.0307530055106777	0.220006027099909
65.61295995995997	-0.9699920129782506	1.0307062193278045	0.22001361604103198
65.71205805805806	-0.9700366249132804	1.030659575222171	0.2200211822770441
65.81115615615616	-0.9700811044936826	1.030613072581676	0.22002872590927697
65.91025425425426	-0.9701254523062097	1.0305667107942171	0.2200362470386377
66.00935235235235	-0.9701696689350844	1.0305204892476931	0.2200437457655929
66.10845045045045	-0.9702137549619061	1.0304744073300023	0.22005122219015297
66.20754854854854	-0.9702577109655581	1.0304284644290425	0.22005867641185609
66.30664664664666	-0.9703015375221136	1.0303826599327124	0.2200661085297525
66.40574474474475	-0.9703452352047429	1.0303369932289101	0.2200735186423886
66.50484284284285	-0.9703888045836198	1.0302914637055338	0.22008090684779105
66.60394094094094	-0.9704322462258284	1.0302460707504821	0.22008827324345095
66.70303903903904	-0.9704755606952694	1.0302008137516532	0.22009561792630805
66.80213713713714	-0.9705187485525678	1.0301556920969452	0.22010294099273475
66.90123523523523	-0.9705618103549781	1.0301107051742564	0.2201102425385204
67.00033333333333	-0.9706047466562924	1.0300658523714852	0.2201175226588554
67.09943143143144	-0.9706475580067456	1.0300211330765299	0.2201247814483152
67.19852952952954	-0.9706902449529238	1.0299765466772886	0.2201320190008447
67.29762762762763	-0.9707328080376694	1.0299320925616597	0.2201392354097422
67.39672572572573	-0.9707752477999886	1.0298877701175415	0.22014643076764365
67.49582382382383	-0.970817564774958	1.0298435787328324	0.22015360516650673
67.59492192192192	-0.970859759493631	1.0297995177954302	0.220160758697595
67.69402002002002	-0.9709018324829449	1.029755586693234	0.22016789145146212
67.79311811811812	-0.9709437842656269	1.0297117848141413	0.22017500351793592
67.89221621621621	-0.9709856153601321	1.0296681115511894	0.22018209498610827
67.99131431431432	-0.9710273262819719	1.0296245663671033	0.22018916594457805
68.09041241241242	-0.9710689175453512	1.0295811487399424	0.22019621648173068
68.18951051051052	-0.9711103896623733	1.029537858141233	0.22020324668557872
68.28860860860861	-0.9711517431429065	1.0294946940425012	0.2202102566437385
68.38770670670671	-0.9711929784945335	1.029451655915273	0.22021724644342225
68.4868048048048	-0.9712340962224998	1.0294087432310748	0.22022421617143018
68.5859029029029	-0.9712750968296626	1.0293659554614327	0.2202311659141426
68.685001001001	-0.97131598081644	1.0293232920778728	0.22023809575751227
68.7840990990991	-0.9713567486807592	1.0292807525519212	0.2202450057870562
68.8831971971972	-0.9713974009180054	1.029238336355104	0.220251896087848
68.9822952952953	-0.9714379380209712	1.0291960429589475	0.22025876674451006
69.0813933933934	-0.971478360479805	1.029153871834978	0.22026561784120544
69.1804914914915	-0.9715186687819595	1.0291118224547213	0.22027244946163027
69.27958958958959	-0.9715588634121409	1.0290698942897039	0.22027926168900572
69.37868768768769	-0.971598944852258	1.0290280868114516	0.22028605460607018
69.47778578578578	-0.97163891358137	1.0289863994914907	0.22029282829507144
69.57688388388388	-0.9716787700756367	1.0289448318013477	0.22029958283775875
69.67598198198199	-0.9717185148082661	1.028903383212548	0.22030631831537495
69.77508008008009	-0.9717581482494637	1.0288620531966186	0.2203130348086487
69.87417817817818	-0.9717976708663815	1.028820841225085	0.22031973239778654
69.97327627627628	-0.9718370831230664	1.0287797467694737	0.220326411162465
70.07237437437438	-0.9718763854804092	1.0287387693013106	0.22033307118182285
70.17147247247247	-0.9719155783960937	1.0286979082921222	0.22033971253445309
70.27057057057057	-0.9719546623245447	1.0286571632134345	0.22034633529839512
70.36966866866867	-0.971993637716896	1.0286165335438573	0.22035293955113003
70.46876676676676	-0.9720325050215387	1.0285760188211592	0.2203595253696714
70.56786486486487	-0.9720712646850513	1.0285356185899948	0.2203660928307129
70.66696296296297	-0.9721099171522175	1.028495332391624	0.22037264201062773
70.76606106106107	-0.9721484628659725	1.0284551597673073	0.22037917298546042
70.86515915915916	-0.9721869022673565	1.0284151002583048	0.22038568583091983
70.96425725725726	-0.9722252357954685	1.028375153405877	0.22039218062237184
71.06335535535536	-0.9722634638874187	1.0283353187512838	0.22039865743483236
71.16245345345345	-0.9723015869782824	1.0282955958357856	0.22040511634296017
71.26155155155155	-0.9723396055010529	1.0282559842006427	0.22041155742104984
71.36064964964966	-0.9723775198865954	1.0282164833871155	0.22041798074302452
71.45974774774776	-0.9724153305635991	1.028177092936464	0.22042438638242895
71.55884584584585	-0.9724530379585318	1.0281378123899485	0.2204307744124223
71.65794394394395	-0.9724906424955923	1.0280986412888293	0.22043714490577096
71.75704204204204	-0.9725281445966639	1.0280595791743667	0.22044349793484166
71.85614014014014	-0.972565544681268	1.028020625587821	0.22044983357159403
71.95523823823824	-0.9726028431665168	1.0279817800704523	0.22045615188757378
72.05433633633633	-0.9726400404670671	1.027943042163521	0.2204624529539054
72.15343443443443	-0.9726771369950731	1.0279044114082871	0.2204687368412851
72.25253253253254	-0.9727141331601401	1.0278658873460111	0.22047500361997374
72.35163063063064	-0.9727510293692775	1.0278274695179532	0.2204812533597897
72.45072872872873	-0.9727878260268523	1.0277891574653737	0.22048748613010163
72.54982682682683	-0.9728245235345422	1.0277509507295326	0.22049370199982155
72.64892492492493	-0.9728611222912887	1.0277128488516905	0.22049990103739756
72.74802302302302	-0.972897622693251	1.0276748513731075	0.22050608331080687
72.84712112112112	-0.9729340251338078	1.0276369578441324	0.22051224888755588
72.94621921921922	-0.9729703300043501	1.0275991678648837	0.2205183978348006
73.04531731731731	-0.9730065376948808	1.0275614810368803	0.22052453021944513
73.14441541541542	-0.9730426485938181	1.0275238969599942	0.22053064610811496
73.24351351351352	-0.9730786630879549	1.0274864152340983	0.2205367455671508
73.34261161161162	-0.9731145815624258	1.0274490354590644	0.22054282866260327
73.44170970970971	-0.9731504044006726	1.027411757234765	0.2205488954602274
73.54080780780781	-0.973186131984411	1.0273745801610719	0.22055494602547732
73.6399059059059	-0.9732217646935969	1.0273375038378578	0.22056098042350095
73.739004004004	-0.973257302906393	1.0273005278649947	0.22056699871913463
73.8381021021021	-0.9732927469991346	1.0272636518423546	0.22057300097689772
73.93720020020021	-0.973328097346296	1.0272268753698102	0.2205789872609873
74.0362982982983	-0.9733633543204573	1.0271901980472335	0.22058495763527275
74.1353963963964	-0.9733985182922699	1.0271536194744968	0.22059091216329046
74.2344944944945	-0.9734335896304238	1.0271171392514722	0.22059685090823838
74.3335925925926	-0.9734685687016129	1.027080756978032	0.22060277393297076
74.43269069069069	-0.9735034558705021	1.0270444722540484	0.22060868129999273
74.53178878878879	-0.9735382514996934	1.0270082846793938	0.220614573071455
74.63088688688688	-0.9735729559496916	1.02697219385394	0.22062044930914837
74.72998498498498	-0.9736075695788718	1.0269361993775599	0.2206263100744986
74.82908308308309	-0.9736420927434445	1.0269003008501252	0.2206321554285608
74.92818118118119	-0.9736765257974228	1.0268644978715082	0.22063798543201424
75.02727927927928	-0.9737108690925882	1.0268287900415813	0.22064380014515694
75.12637737737738	-0.9737451229784572	1.0267931769602168	0.22064959962790032
75.22547547547548	-0.9737792878022473	1.0267576582272866	0.22065538393976383
75.32457357357357	-0.9738133639088979	1.0267222334536033	0.22066115313987897
75.42367167167167	-0.9738473516416815	1.026686902290634	0.22066690728709265
75.52276976976977	-0.9738812513425883	1.0266516643883967	0.2206726464400271
75.62186786786788	-0.9739150633522327	1.0266165193962684	0.22067837065706222
75.72096596596597	-0.9739487880098248	1.0265814669636253	0.22068407999633124
75.82006406406407	-0.9739824256531439	1.026546506739844	0.22068977451571664
75.91916216216217	-0.9740159766185118	1.0265116383743014	0.2206954542728459
76.01826026026026	-0.9740494412407658	1.0264768615163735	0.22070111932508749
76.11735835835836	-0.9740828198532323	1.0264421758154372	0.22070676972954678
76.21645645645646	-0.9741161127877002	1.026407580920869	0.2207124055430618
76.31555455455455	-0.9741493203743934	1.0263730764820456	0.22071802682219915
76.41465265265265	-0.9741824429419451	1.0263386621483432	0.22072363362324998
76.51375075075076	-0.9742154808173704	1.0263043375691387	0.22072922600222572
76.61284884884886	-0.9742484343260397	1.0262701023938088	0.22073480401485407
76.71194694694695	-0.9742813037916522	1.0262359562717296	0.2207403677165748
76.81104504504505	-0.974314089536209	1.0262018988522779	0.22074591716253567
76.91014314314315	-0.9743467918799863	1.0261679297848303	0.22075145240758828
77.00924124124124	-0.974379411141509	1.0261340487187633	0.220756973506284
77.10833933933934	-0.9744119476375235	1.0261002553034535	0.22076248051286984
77.20743743743743	-0.9744444016829714	1.0260665491882774	0.22076797348128424
77.30653553553553	-0.9744767735909627	1.0260329300226116	0.22077345246515298
77.40563363363364	-0.9745090636727489	1.0259993974558328	0.22077891751778514
77.50473173173174	-0.9745412722376963	1.0259659511373174	0.22078436869216894
77.60382982982983	-0.9745733995932594	1.025932590716442	0.22078980604096757
77.70292792792793	-0.9746054460449544	1.0258993158425833	0.22079522961651507
77.80202602602603	-0.9746374118964042	1.025866126177836	0.22080063947082346
77.90112412412412	-0.9746692974498918	1.025833021416457	0.22080603565566978
78.00022222222222	-0.974701103006572	1.0258000012500696	0.22081141822263178
78.09932032032032	-0.9747328288663965	1.0257670653701496	0.22081678722307713
78.19841841841843	-0.9747644753280932	1.0257342134681722	0.22082214270815978
78.29751651651652	-0.9747960426891458	1.0257014452356132	0.2208274847288171
78.39661461461462	-0.9748275312457726	1.0256687603639478	0.22083281333576626
78.49571271271272	-0.9748589412929063	1.025636158544652	0.22083812857950116
78.59481081081081	-0.974890273124173	1.025603639469201	0.22084343051028915
78.69390890890891	-0.9749215270318718	1.0255712028290704	0.22084871917816767
78.793007007007	-0.9749527033069542	1.0255388483157357	0.22085399463294111
78.8921051051051	-0.9749838022390029	1.0255065756206727	0.22085925692417746
78.9912032032032	-0.9750148241162117	1.0254743844353567	0.22086450610120503
79.09030130130131	-0.9750457692253647	1.0254422744512632	0.2208697422131093
79.1893993993994	-0.9750766378518154	1.025410245359868	0.22087496530872947
79.2884974974975	-0.9751074302794666	1.0253782968526464	0.22088017543665545
79.3875955955956	-0.9751381467907487	1.0253464286210738	0.22088537264522431
79.4866936936937	-0.9751687876666003	1.0253146403566262	0.22089055698251725
79.58579179179179	-0.9751993531864468	1.025282931750779	0.22089572849635616
79.68488988988989	-0.9752298436281795	1.0252513024950074	0.22090088723430054
79.78398798798798	-0.9752602592681359	1.0252197522807873	0.22090603324364402
79.8830860860861	-0.9752906003810777	1.0251882807995942	0.2209111665714113
79.98218418418419	-0.9753208672401716	1.0251568877429034	0.2209162872643547
80.08128228228229	-0.9753510601169676	1.0251255728021906	0.220921395368951
80.18038038038038	-0.9753811792813786	1.0250943356689315	0.22092649093139827
80.27947847847848	-0.9754112250019302	1.0250631760310953	0.22093157399765753
80.37857657657658	-0.9754411975466964	1.025032093603034	0.22093664461360837
80.47767467467467	-0.975471097182696	1.0250010881161247	0.22094170282494643
80.57677277277277	-0.9755009241756506	1.024970159301745	0.22094674867714298
80.67587087087087	-0.9755306787899933	1.0249393068912727	0.22095178221544634
80.77496896896898	-0.975560361288875	1.0249085306160846	0.2209568034848832
80.87406706706707	-0.9755899719341722	1.0248778302075587	0.22096181253025995
80.97316516516517	-0.9756195109864939	1.024847205397072	0.22096680939616412
81.07226326326327	-0.9756489787051894	1.0248166559160026	0.22097179412696563
81.17136136136136	-0.975678375348355	1.0247861814957275	0.22097676676681818
81.27045945945946	-0.9757077011728417	1.0247557818676243	0.22098172735966068
81.36955755755756	-0.9757369564342624	1.0247254567630704	0.22098667594921845
81.46865565565565	-0.9757661413869992	1.0246952059134433	0.2209916125790047
81.56775375375375	-0.9757952562842107	1.0246650290501207	0.22099653729232185
81.66685185185186	-0.9758243013778392	1.0246349259044798	0.22100145013226286
81.76594994994996	-0.9758532769186178	1.0246048962078982	0.22100635114171258
81.86504804804805	-0.9758821831560783	1.0245749396917532	0.2210112403633491
81.96414614614615	-0.9759110203385581	1.0245450560874225	0.22101611783964523
82.06324424424425	-0.9759397887132073	1.0245152451262833	0.2210209836128696
82.16234234234234	-0.9759684885259963	1.0244855065397136	0.22102583772508827
82.26144044044044	-0.975997120021723	1.0244558400590902	0.22103068021816594
82.36053853853853	-0.9760256834440203	1.024426245415791	0.22103551113376732
82.45963663663665	-0.9760541790353627	1.0243967223411934	0.22104033051335847
82.55873473473474	-0.9760826070370746	1.0243672705666746	0.22104513839820825
82.65783283283284	-0.9761109676893368	1.0243378898236126	0.22104993482938953
82.75693093093093	-0.9761392612311941	1.0243085798433844	0.2210547198477807
82.85602902902903	-0.9761674879005625	1.0242793403573676	0.22105949349406684
82.95512712712713	-0.9761956479342366	1.0242501710969398	0.22106425580874128
83.05422522522522	-0.9762237415678968	1.0242210717934783	0.22106900683210676
83.15332332332332	-0.9762517690361168	1.0241920421783608	0.2210737466042769
83.25242142142142	-0.9762797305725046	1.0241630819817957	0.2210784751652007
83.35151951951953	-0.9763076264133234	1.0241341909399957	0.22108319255528713
83.45061761761762	-0.976335456797044	1.0241053688191724	0.22108789881532648
83.54971571571572	-0.9763632219596755	1.024076615389242	0.22109259398568343
83.64881381381382	-0.9763909221346302	1.0240479304201209	0.22109727810627416
83.74791191191191	-0.9764185575528492	1.0240193136817253	0.2211019512165878
83.84701001001001	-0.9764461284429276	1.0239907649439715	0.2211066133557084
83.9461081081081	-0.9764736350312401	1.0239622839767755	0.22111126456233648
84.0452062062062	-0.9765010775420663	1.0239338705500538	0.221115904874811
84.14430430430431	-0.9765284561977161	1.0239055244337227	0.22112053433113085
84.24340240240241	-0.9765557712186553	1.0238772453976983	0.22112515296897675
84.3425005005005	-0.9765830228236306	1.023849033211897	0.22112976082573305
84.4415985985986	-0.9766102112297955	1.023820887646235	0.22113435793850925
84.5406966966967	-0.9766373366528353	1.0237928084706283	0.22113894434416195
84.6397947947948	-0.9766643993070926	1.0237647954549933	0.22114352007931654
84.73889289289289	-0.9766913994056928	1.0237368483692466	0.22114808518038886
84.83799099099099	-0.9767183371606696	1.023708966983304	0.22115263968360707
84.93708908908908	-0.9767452127830901	1.0236811510670818	0.22115718362503328
85.0361871871872	-0.9767720264831804	1.0236534003904967	0.22116171704058535
85.13528528528529	-0.976798778470451	1.0236257147234642	0.2211662399660587
85.23438338338339	-0.9768254689538222	1.0235980938359013	0.22117075243714784
85.33348148148148	-0.9768520981417493	1.0235705374977238	0.22117525448946837
85.43257957957958	-0.9768786662423486	1.0235430454788481	0.22117974615857858
85.53167767767768	-0.9769051734635219	1.0235156175491904	0.2211842274800012
85.63077577577577	-0.9769316200130826	1.023488253478667	0.22118869848924516
85.72987387387387	-0.9769580060988811	1.023460953037194	0.22119315922182736
85.82897197197197	-0.9769843319289295	1.023433715994688	0.22119760971329436
85.92807007007008	-0.977010597711528	1.023406542121065	0.22120204999924417
86.02716816816817	-0.9770368036553896	1.023379431186241	0.22120648011534796
86.12626626626627	-0.9770629499697656	1.0233523829601328	0.22121090009737188
86.22536436436437	-0.9770890368645714	1.0233253972126564	0.22121530998119862
86.32446246246246	-0.9771150645502268	1.0232984736983752	0.22121970980279423
86.42356056056056	-0.9771410332355578	1.0232716121835705	0.22122409959782116
86.52265865865866	-0.9771669431268561	1.0232448124684266	0.22122847940150162
86.62175675675675	-0.9771927944281183	1.0232180743533483	0.22123284924866973
86.72085485485486	-0.977218587341156	1.0231913976387406	0.22123720917379017
86.81995295295296	-0.9772443220657049	1.0231647821250078	0.22124155921097627
86.91905105105106	-0.9772699987995348	1.0231382276125551	0.22124589939400857
87.01814914914915	-0.9772956177385587	1.0231117339017872	0.22125022975635308
87.11724724724725	-0.9773211790769425	1.0230853007931087	0.22125455033117958
87.21634534534535	-0.9773466830072146	1.0230589280869247	0.22125886115138013
87.31544344344344	-0.9773721297203756	1.0230326155836398	0.22126316224958725
87.41454154154154	-0.9773975194060072	1.0230063630836588	0.22126745365819245
87.51363963963963	-0.9774228522523825	1.0229801703873864	0.22127173540936437
87.61273773773775	-0.9774481284465748	1.0229540372952277	0.22127600753506743
87.71183583583584	-0.977473348174568	1.0229279636075872	0.22128027006707987
87.81093393393394	-0.977498511621365	1.0229019491248699	0.2212845230370123
87.91003203203203	-0.9775236189710986	1.0228759936474803	0.22128876647632603
88.00913013013013	-0.9775486704071397	1.0228500969758234	0.22129300041635133
88.10822822822823	-0.9775736661122076	1.022824258910304	0.22129722488830594
88.20732632632632	-0.9775986062684796	1.0227984792513267	0.2213014399233133
88.30642442442442	-0.9776234910577	1.0227727577992967	0.2213056455524209
88.40552252252252	-0.9776483206612899	1.0227470943546184	0.22130984180661878
88.50462062062063	-0.9776730952604571	1.0227214887176967	0.22131402871685765
88.60371871871872	-0.9776978150363048	1.0226959406889364	0.22131820631406748
88.70281681681682	-0.9777224801699421	1.0226704500687422	0.22132237462917576
88.80191491491492	-0.9777470908425927	1.0226450166575192	0.22132653369312574
88.90101301301301	-0.977771647235705	1.0226196402556718	0.22133068353689503
89.00011111111111	-0.9777961495310612	1.022594320663605	0.2213348241915137
89.0992092092092	-0.9778205979108872	1.0225690576817237	0.22133895568808284
89.1983073073073	-0.977844992557962	1.0225438511104323	0.22134307805779274
89.29740540540541	-0.9778693336557116	1.0225187007476462	0.22134719133193861
89.39650350350351	-0.9778936213872518	1.0224936063732886	0.22135129554174818
89.4956016016016	-0.97791785593347	1.0224685678034036	0.22135539071805857
89.5946996996997	-0.977942037473237	1.0224435848637423	0.22135947689137037
89.6937977977978	-0.9779661661835527	1.0224186573800562	0.2213635540918731
89.7928958958959	-0.9779902422396372	1.0223937851780966	0.22136762234946022
89.89199399399399	-0.978014265815021	1.0223689680836148	0.2213716816937437
89.99109209209209	-0.9780382370816353	1.022344205922362	0.22137573215406875
90.09019019019019	-0.9780621562099026	1.0223194985200896	0.22137977375952872
90.1892882882883	-0.9780860233688268	1.022294845702549	0.22138380653897963
90.28838638638639	-0.9781098387260839	1.0222702472954912	0.22138783052105507
90.38748448448449	-0.9781336024481126	1.022245703124668	0.22139184573418091
90.48658258258259	-0.9781573147002042	1.0222212130158301	0.22139585220658997
90.58568068068068	-0.9781809756465931	1.0221967767947293	0.22139984996633688
90.68477877877878	-0.9782045854505477	1.0221723942871168	0.22140383904131267
90.78387687687687	-0.9782281442744601	1.0221480653187438	0.2214078194592597
90.88297497497497	-0.9782516522799374	1.0221237897153617	0.22141179124778618
90.98207307307308	-0.9782751096278912	1.0220995673027218	0.2214157544343812
91.08117117117118	-0.9782985164786286	1.0220753979065755	0.22141970904642908
91.18026926926927	-0.9783218729919423	1.0220512813526739	0.22142365511122455
91.27936736736737	-0.9783451793272013	1.0220272174667686	0.2214275926559872
91.37846546546547	-0.978368435643441	1.0220032060746105	0.2214315217078762
91.47756356356356	-0.978391642099454	1.0219792470019513	0.2214354422940053
91.57666166166166	-0.9784147988538798	1.0219553400745423	0.22143935444145735
91.67575975975976	-0.9784379060652965	1.0219314851181345	0.22144325817729904
91.77485785785785	-0.9784609638923094	1.0219076819584794	0.2214471535285958
91.87395595595596	-0.9784839724936434	1.0218839304213285	0.22145104052242648
91.97305405405406	-0.9785069320282317	1.0218602303324327	0.22145491918589788
92.07215215215216	-0.9785298426553073	1.0218365815175436	0.22145878954615986
92.17125025025025	-0.978552704534493	1.0218129838024126	0.22146265163041984
92.27034834834835	-0.9785755178258918	1.0217894370127907	0.22146650546595753
92.36944644644645	-0.9785982826900005	1.0217659409651334	0.22147035108011168
92.46854454454454	-0.9786209992861241	1.021742495478599	0.22147418850002523
92.56764264264264	-0.9786436677716915	1.0217191003997415	0.22147801775253065
92.66674074074074	-0.9786662883025374	1.0216957555757304	0.22148183886419381
92.76583883883885	-0.9786888610329771	1.0216724608537355	0.22148565186132638
92.86493693693694	-0.9787113861158813	1.0216492160809258	0.22148945676999793
92.96403503503504	-0.9787338637027488	1.0216260211044712	0.2214932536160482
93.06313313313314	-0.9787562939437819	1.0216028757715405	0.2214970424250993
93.16223123123123	-0.978778676987959	1.0215797799293038	0.22150082322256776
93.26132932932933	-0.9788010129831091	1.02155673342493	0.22150459603367678
93.36042742742742	-0.9788233020759858	1.021533736105589	0.22150836088346845
93.45952552552552	-0.9788455444123411	1.0215107878184497	0.22151211779681584
93.55862362362363	-0.978867740136999	1.021487888410682	0.22151586679843527
93.65772172172173	-0.97888988939393	1.0214650377294552	0.22151960791289835
93.75681981981982	-0.9789119923263244	1.0214422356219386	0.22152334116464437
93.85591791791792	-0.9789340490766668	1.021419481935302	0.2215270665779922
93.95501601601602	-0.9789560597868098	1.0213967765167142	0.22153078417715272
94.05411411411411	-0.9789780245980472	1.0213741192133454	0.22153449398624087
94.15321221221221	-0.9789999436511894	1.0213515098723644	0.22153819602928784
94.2523103103103	-0.9790218170866357	1.021328948340941	0.22154189033025323
94.3514084084084	-0.9790436450444496	1.0213064344662444	0.22154557691303733
94.45050650650651	-0.9790654276644318	1.0212839680954442	0.22154925580149312
94.54960460460461	-0.9790871650861943	1.02126154907571	0.22155292701943863
94.6487027027027	-0.9791088574492345	1.0212391772542107	0.22155659059066896
94.7478008008008	-0.9791305048930092	1.0212168524781162	0.22156024653896858
94.8468988988989	-0.9791521075570082	1.0211945745945958	0.22156389488812345
94.945996996997	-0.9791736655808282	1.021172343450819	0.2215675356619332
95.04509509509509	-0.9791951791042471	1.0211501588939553	0.22157116888422332
95.14419319319319	-0.9792166482672977	1.021128020771174	0.22157479457885726
95.2432912912913	-0.9792380732103413	1.0211059289296442	0.22157841276974874
95.3423893893894	-0.9792594540741519	1.0210838832135851	0.2215820234808756
95.44148748748749	-0.9792807910007801	1.0210618834187541	0.2215856267364328
95.54058558558559	-0.9793020841331546	1.0210399293901757	0.22158922256077396
95.63968368368369	-0.9793233336126433	1.02101802099688	0.22159281097798927
95.73878178178178	-0.979344539578882	1.0209961581078961	0.22159639201187542
95.83787987987988	-0.9793657021698419	1.0209743405922538	0.22159996568594698
95.93697797797797	-0.9793868215218994	1.0209525683189826	0.22160353202344807
96.03607607607607	-0.9794078977699049	1.020930841157112	0.22160709104736398
96.13517417417418	-0.9794289310472509	1.020909158975672	0.22161064278043285
96.23427227227228	-0.9794499214859413	1.020887521643692	0.22161418724515713
96.33337037037037	-0.9794708692166602	1.0208659290302013	0.22161772446381536
96.43246846846847	-0.9794917743688402	1.0208443810042298	0.22162125445847367
96.53156656656657	-0.9795126370707318	1.020822877434807	0.22162477725099736
96.63066466466466	-0.9795334574494721	1.0208014181909624	0.22162829286306268
96.72976276276276	-0.9795542356311528	1.0207800031417256	0.2216318013161683
96.82886086086086	-0.9795749717408904	1.0207586321561264	0.2216353026316469
96.92795895895895	-0.9795956659028934	1.020737305103194	0.22163879683067697
97.02705705705706	-0.9796163182405324	1.0207160218519584	0.22164228393429417
97.12615515515516	-0.9796369288764082	1.020694782271449	0.2216457639634031
97.22525325325326	-0.9796574979324206	1.0206735862306953	0.22164923693878893
97.32435135135135	-0.9796780255298377	1.020652433598727	0.22165270288112893
97.42344944944945	-0.979698511789364	1.0206313242445737	0.22165616181100406
97.52254754754755	-0.9797189568312094	1.020610258037265	0.22165961374891072
97.62164564564564	-0.9797393607751583	1.0205892348458303	0.2216630587152722
97.72074374374374	-0.9797597237406385	1.0205682545392993	0.22166649673045044
97.81984184184185	-0.979780045846789	1.0205473169867019	0.2216699278147575
97.91893993993995	-0.97980032721253	1.0205264220570671	0.2216733519884673
98.01803803803804	-0.9798205679566306	1.020505569619425	0.22167676927182717
98.11713613613614	-0.9798407681977789	1.0204847595428048	0.2216801796850694
98.21623423423424	-0.9798609280546493	1.0204639916962364	0.221683583248423
98.31533233233233	-0.9798810476459723	1.020443265948749	0.22168697998212517
98.41443043043043	-0.979901127090603	1.0204225821693726	0.22169036990643304
98.51352852852852	-0.9799211665075896	1.0204019402271367	0.22169375304163513
98.61262662662662	-0.9799411660162431	1.0203813399910708	0.22169712940806313
98.71172472472473	-0.979961125736205	1.0203607813302045	0.22170049902610336
98.81082282282283	-0.9799810457875164	1.0203402641135673	0.2217038619162085
98.90992092092092	-0.9800009262906871	1.0203197882101886	0.22170721809890911
99.00901901901902	-0.9800207673667645	1.0202993534890987	0.22171056759482535
99.10811711711712	-0.9800405691374016	1.0202789598193265	0.22171391042467845
99.20721521521521	-0.9800603317249266	1.0202586070699018	0.22171724660930245
99.30631331331331	-0.9800800552524112	1.0202382951098543	0.22172057616965574
99.40541141141141	-0.9800997398435289	1.0202180237958725	0.22172389912679413
99.50450950950952	-0.9801193856201875	1.0201977929705057	0.2217272155014453
99.60360760760761	-0.9801389927020826	1.0201776025196934	0.22173052531395032
99.70270570570571	-0.9801585612076162	1.0201574523319514	0.22173382858443794
99.80180380380381	-0.9801780912539592	1.020137342295796	0.22173712533283454
99.9009019019019	-0.9801975829570967	1.0201172722997438	0.2217404155788719
100.	-0.9802170364318766	1.0200972422323102	0.22174369934209454