1.001	-0.0006806116921363772	1166.191636745062	0.00030743600323042804
1.1000980980980979	-0.06323490248074536	12.780677128531	0.02852217196732169
1.199196196196196	-0.1174804085561742	6.987066896101978	0.05292158760087437
1.298294294294294	-0.1650543652476717	5.040913700487232	0.07426681158883118
1.3973923923923923	-0.20717916201105097	4.06401199429126	0.09312434222001546
1.4964904904904903	-0.24478790182170693	3.476070716406455	0.10992537973695014
1.5955885885885883	-0.2786065168155386	3.0830011454133497	0.12500450918039333
1.6946866866866865	-0.30920913776715736	2.8014565374101728	0.13862570933000556
1.7937847847847848	-0.3370564272836274	2.5897060131341862	0.15100031163850589
1.8928828828828828	-0.36252273645283895	2.424541660205896	0.16229969183208232
1.9919809809809808	-0.38591573788430206	2.29202625266258	0.17266442437005933
2.091079079079079	-0.4074908764881698	2.183283841329281	0.1822110061048968
2.190177177177177	-0.42746217909386774	2.092393054995739	0.1910368756216441
2.2892752752752754	-0.44601045714843834	2.015251434774014	0.19922421486553124
2.388373373373373	-0.46328961366362775	1.9489268408707816	0.20684286688510448
2.4874714714714714	-0.4794315504115335	1.8912673707967385	0.2139526021578036
2.586569569569569	-0.4945500272580345	1.8406579703296648	0.22060489808908182
2.6856676676676674	-0.5087437277966117	1.7958628774323824	0.22684435035551623
2.7847657657657656	-0.5220987174261612	1.7559201793313177	0.2327098028789477
2.883863863863864	-0.5346904299827858	1.720069675051896	0.23823525979806845
2.982961961961962	-0.5465852866726978	1.687703016458462	0.24345062764263245
3.08206006006006	-0.5578420247652911	1.6583271068885101	0.24838232366578095
3.181158158158158	-0.5685127948555057	1.6315383685970486	0.2530537775879136
3.2802562562562563	-0.5786440743207328	1.607002981187122	0.2574858488001991
3.379354354354354	-0.588277430259496	1.584442479243391	0.2616971744279518
3.4784524524524523	-0.5974501617089172	1.5636228126908602	0.26570446198254355
3.5775505505505505	-0.6061958423890682	1.5443457204433786	0.2695227364295412
3.6766486486486483	-0.6145447815946895	1.5264422650565992	0.27316554977402263
3.7757467467467465	-0.622524417799764	1.5097673463738137	0.27664515987342286
3.8748448448448447	-0.6301596563257115	1.494195805524131	0.279972683691448
3.973942942942943	-0.6374731593542916	1.4796190620398377	0.28315822879675095
4.073041041041041	-0.6444855968397561	1.465942446058003	0.28621100703550356
4.172139139139139	-0.6512158641768212	1.4530830333015692	0.2891394330489221
4.271237237237237	-0.6576812714740653	1.4409678718502132	0.2919512098733624
4.370335335335335	-0.6638977094222933	1.4295324725247904	0.29465340389145656
4.469433433433434	-0.6698797924567461	1.4187197827128293	0.2972525094610867
4.568531531531532	-0.6756409884765731	1.4084789734701464	0.2997545074539344
4.66762962962963	-0.6811937295727728	1.3987645444887686	0.30216491516256055
4.766727727727727	-0.686549511184475	1.3895358449484787	0.30448883096889673
4.865825825825826	-0.6917189805147691	1.3807563977958441	0.3067309741482993
4.964923923923924	-0.6967120142551881	1.372393235954402	0.30889571983013336
5.064022022022021	-0.7015377879133001	1.3644165688649197	0.31098713016276797
5.163120120120119	-0.7062048380462658	1.3567995039136458	0.3130089822713786
5.262218218218218	-0.7107211178233025	1.3495175667697497	0.3149647932020209
5.361316316316316	-0.7150940470946274	1.342548398125744	0.3168578423871972
5.460414414414414	-0.7193305550633847	1.335871837989911	0.31869119076856145
5.559512512512512	-0.7234371236553557	1.329469153027901	0.3204677002451648
5.65861061061061	-0.7274198211995739	1.3233234404324732	0.32219004875159624
5.757708708708709	-0.7312843372974619	1.3174190087202393	0.32386074586069263
5.856806806806807	-0.7350360101668694	1.3117415360801463	0.3254821450214977
5.955904904904905	-0.738679855997493	1.3062777854661127	0.3270564566765608
6.055003003003003	-0.7422205911806996	1.3010155336116351	0.3285857581989798
6.1541011011011015	-0.7456626563983368	1.295943535141406	0.33007200464929315
6.2531991991992	-0.7490102353151257	1.2910512947363	0.33151703712144936
6.352297297297296	-0.7522672743418899	1.2863291917255344	0.3329225915551467
6.451395395395394	-0.7554374985318009	1.2817681681230055	0.33429030582777974
6.550493493493493	-0.7585244277571955	1.2773599356274221	0.3356217269631324
6.649591591591591	-0.7615313907539552	1.2730966112459536	0.33691831738971983
6.748689689689689	-0.7644615377623589	1.2689710724701169	0.33818146056525294
6.847787787787787	-0.7673178512490154	1.2649764686794596	0.33941246574653705
6.9468858858858855	-0.7701031608295319	1.2611064524181437	0.3406125746386069
7.045983983983984	-0.7728201489506898	1.257355195777221	0.3417829639176311
7.145082082082082	-0.7754713629504087	1.2537170258818713	0.3429247505833941
7.24418018018018	-0.7780592230614709	1.2501868474922553	0.34403899551966927
7.343278278278278	-0.7805860289667722	1.2467597341824659	0.34512670641506576
7.442376376376377	-0.7830539698704959	1.2434310768290033	0.3461888422132809
7.541474474474475	-0.785465128679739	1.240196628335087	0.34722631498537493
7.640572572572573	-0.787821489857361	1.2370522397403065	0.3482399934058449
7.7396706706706695	-0.7901249451371357	1.2339941502601877	0.34923070528733263
7.838768768768768	-0.79237729796987	1.2310187239419161	0.3501992395576132
7.937866866866866	-0.7945802702048944	1.2281225303300252	0.35114634920699617
8.036964964964964	-0.7967355053147271	1.225302398451775	0.35207275272676036
8.136063063063062	-0.7988445736084646	1.2225552219021556	0.35297913641325396
8.23516116116116	-0.8009089763586481	1.2198781617385408	0.35386615619375833
8.334259259259259	-0.8029301489300497	1.2172684710739892	0.35473443901410817
8.433357357357357	-0.8049094657889163	1.2147235227357132	0.3555845850503396
8.532455455455455	-0.8068482419901546	1.2122409400466683	0.3564171683655272
8.631553553553553	-0.8087477361973774	1.2098183748667768	0.35723273824402313
8.730651651651652	-0.8106091563109403	1.207453537285909	0.3580318216829477
8.82974974974975	-0.8124336605761433	1.205144384846761	0.3588149238771046
8.928847847847848	-0.8142223587005287	1.2028889403306082	0.3595825287201081
9.027945945945945	-0.8159763161402143	1.2006852364057214	0.3603351006857029
9.127044044044043	-0.817696556833341	1.198531464785014	0.36107308602796584
9.226142142142141	-0.8193840631746729	1.1964259447675352	0.3617969127919226
9.32524024024024	-0.8210397788880162	1.1943669994325579	0.3625069920716133
9.424338338338337	-0.8226646123227984	1.192353018894196	0.3632037194467016
9.523436436436436	-0.824259436725889	1.1903825488432713	0.3638874751182275
9.622534534534534	-0.82582509161044	1.1884541568158125	0.36455862451336246
9.721632632632632	-0.8273623855028717	1.1865664267756932	0.36521751948698533
9.82073073073073	-0.8288720972326	1.184718069097246	0.3658644988895718
9.919828828828829	-0.8303549763016606	1.1829078524622652	0.3664998887406741
10.018926926926927	-0.8318117449594865	1.181134547479368	0.36712400313369997
10.118025025025025	-0.8332430999652434	1.1793969929861134	0.3677371450052441
10.217123123123121	-0.8346497128073217	1.177694118611264	0.3683396062416917
10.31622122122122	-0.8360322309455896	1.176024860213156	0.36893166822381834
10.415319319319318	-0.8373912795220547	1.1743881763544455	0.3695136025742954
10.514417417417416	-0.8387274619745292	1.1727831186175455	0.37008567142958404
10.613515515515514	-0.8400413605953218	1.1712087622110408	0.37064812768855965
10.712613613613613	-0.8413335379624736	1.1696641842639592	0.3712012156372144
10.81171171171171	-0.8426045380742286	1.1681485217182694	0.37174517144650543
10.910809809809809	-0.8438548861860367	1.166660976090381	0.37228022310273506
11.009907907907907	-0.8450850896774483	1.1652007518350544	0.37280659078731604
11.109006006006005	-0.8462956396038664	1.1637670550230825	0.37332448755822895
11.208104104104104	-0.8474870115613453	1.162359143163336	0.3738341197276813
11.307202202202202	-0.8486596653130589	1.16097633409452	0.3743356867006321
11.4063003003003	-0.8498140455329383	1.1596179490423457	0.37482938130294285
11.505398398398398	-0.8509505828821246	1.1582833095600216	0.3753153902485152
11.604496496496495	-0.8520696948616208	1.1569717692294161	0.3757938945097249
11.703594594594593	-0.8531717856972203	1.1556827393127949	0.37626506927387093
11.802692692692691	-0.8542572466797395	1.1544156370323073	0.3767290840946773
11.90179079079079	-0.8553264571146141	1.1531698796255179	0.3771861033028687
12.000888888888888	-0.8563797851296362	1.1519449026032489	0.37763628635625673
12.099986986986986	-0.8574175876037544	1.1507401935369672	0.3780797878140084
12.199085085085084	-0.8584402103997916	1.1495552490984557	0.3785167574395344
12.298183183183182	-0.859447989052043	1.1483895659594978	0.3789473404994107
12.39728128128128	-0.8604412494122314	1.1472426503179305	0.37937167804429894
12.496379379379379	-0.8614203077899971	1.1461140524982272	0.37978990697135107
12.595477477477477	-0.8623854710246655	1.1450033354502263	0.3802021600590453
12.694575575575575	-0.8633370370282858	1.1439100621215144	0.380608566202443
12.793673673673673	-0.8642752953532737	1.1428338000065654	0.3810092506583696
12.892771771771772	-0.8652005273804253	1.1417741515281277	0.38140433512926786
12.991869869869868	-0.8661130063431031	1.1407307351540026	0.3817939377759951
13.090967967967966	-0.8670129977380068	1.1397031694283	0.38217817339612487
13.190066066066064	-0.8679007597739196	1.1386910748150576	0.38255715361899434
13.289164164164163	-0.8687765436164295	1.1376940978278038	0.3829309870124691
13.388262262262261	-0.8696405933963106	1.1367119035899615	0.38329977908824386
13.48736036036036	-0.8704931465095072	1.1357441576150051	0.3836636324325019
13.586458458458457	-0.871334433995272	1.134790525654336	0.38402264686979204
13.685556556556556	-0.8721646808636789	1.133850689813849	0.3843769196059947
13.784654654654654	-0.8729841059873817	1.1329243567871092	0.3847265451819509
13.883752752752752	-0.8737929222079208	1.1320112351895768	0.3850716155194251
13.98285085085085	-0.8745913367535374	1.1311110336367116	0.3854122201034861
14.081948948948948	-0.8753795516400299	1.1302234621733076	0.38574844615744963
14.181047047047047	-0.8761577635877492	1.1293482518875828	0.3860803786056827
14.280145145145145	-0.8769261642439778	1.12848514959055	0.3864081001721149
14.379243243243243	-0.8776849405413302	1.1276339024449242	0.3867316915371709
14.47834134134134	-0.878434274619735	1.126794257613421	0.38705123130208113
14.577439439439438	-0.8791743437319407	1.1259659646452131	0.38736679594610013
14.676537537537536	-0.8799053204300287	1.1251487933516273	0.3876784599089283
14.775635635635634	-0.8806273733504203	1.1243425232636497	0.38798629593484135
14.874733733733732	-0.8813406672458042	1.1235469339357538	0.38829037508579956
14.97383183183183	-0.8820453627061009	1.1227618049224124	0.3885907666189385
15.072929929929929	-0.882741615918717	1.121986919103946	0.3888875378817034
15.172028028028027	-0.8834295791193341	1.1212220777026982	0.38918075451011214
15.271126126126125	-0.884109401326024	1.120467087775819	0.3894704807455899
15.370224224224224	-0.8847812282069442	1.119721756359278	0.389756779377435
15.469322322322322	-0.885445201812263	1.118985890489045	0.39003971162833007
15.56842042042042	-0.8861014603797694	1.1182593013453317	0.39031933707149247
15.667518518518518	-0.8867501388617817	1.1175418158616497	0.3905957138575673
15.766616616616616	-0.8873913694369003	1.1168332644063572	0.39086889893498616
15.865714714714713	-0.8880252813531687	1.1161334773433955	0.39113894798300963
15.964812812812811	-0.8886520007146861	1.1154422850401393	0.3914059153204476
16.06391091091091	-0.8892716503633599	1.1147595227831215	0.391669853855321
16.16300900900901	-0.8898843503859314	1.1140850388393355	0.3919308153032978
16.262107107107106	-0.890490218441897	1.1134186834303497	0.3921888503288586
16.361205205205206	-0.8910893696200228	1.1127603067777323	0.3924440084839931
16.460303303303302	-0.891681916269337	1.1121097591447935	0.3926963381359705
16.559401401401402	-0.8922679679453678	1.1114668963615153	0.392945886444663
16.6584994994995	-0.8928476318713376	1.1108315846129504	0.39319269956104047
16.7575975975976	-0.8934210131351146	1.1102036911290152	0.39343682271196995
16.856695695695695	-0.8939882145645396	1.109583083139626	0.3936783001469842
16.955793793793795	-0.8945493365925128	1.1089696280035355	0.39391717508067003
17.05489189189189	-0.8951044772562806	1.108363199072615	0.3941534896926821
17.15398998998999	-0.895653732600342	1.107763677704643	0.39438728530105877
17.253088088088088	-0.8961971967817983	1.1071709457700833	0.3946186024077067
17.352186186186188	-0.896734961965922	1.1065848851394011	0.39484748065376907
17.451284284284284	-0.8972671182197128	1.1060053779487942	0.39507395877413004
17.550382382382384	-0.8977937535530666	1.1054323125197119	0.39529807461535615
17.64948048048048	-0.8983149542565225	1.104865583160371	0.3955198652810276
17.74857857857858	-0.8988308049473077	1.1043050843994038	0.3957393671516864
17.847676676676677	-0.8993413884831305	1.1037507107654412	0.39595661584797753
17.946774774774774	-0.8998467858749666	1.1032023570934621	0.3961716461933366
18.045872872872874	-0.9003470763151747	1.1026599240893933	0.39638449222602035
18.14497097097097	-0.900842337520743	1.1021233177341192	0.39659518734725274
18.24406906906907	-0.9013326457957741	1.101592444195483	0.3968037643484329
18.343167167167167	-0.9018180759294517	1.101067209641328	0.39701025536706935
18.442265265265267	-0.9022987010914533	1.1005475202395667	0.3972146918416027
18.541363363363363	-0.9027745927785117	1.1000332845818603	0.39741710448848633
18.640461461461463	-0.9032458210930585	1.0995244183824553	0.3976175234228108
18.73955955955956	-0.9037124549112686	1.0990208385314895	0.3978159782302348
18.83865765765766	-0.9041745618239525	1.0985224619191005	0.39801249794164056
18.937755755755756	-0.9046322080710006	1.0980292054354266	0.39820711100522954
19.036853853853856	-0.9050854584773564	1.0975409862228778	0.39839984525927347
19.135951951951952	-0.9055343764961961	1.097057726215053	0.3985907279508157
19.235050050050052	-0.9059790244591301	1.0965793514113698	0.398779785842913
19.33414814814815	-0.9064194636121286	1.0961057879168812	0.3989670452300933
19.433246246246245	-0.9068557540553003	1.0956369618366397	0.39915253191273525
19.532344344344345	-0.9072879546816665	1.0951727992756979	0.39933627117102166
19.63144244244244	-0.9077161231362728	1.094713227684081	0.3995182877475748
19.73054054054054	-0.9081403159712447	1.094258179882276	0.3996986059139115
19.829638638638638	-0.90856058879088	1.0938075899378834	0.39987724953277815
19.928736736736738	-0.9089769962190963	1.0933613919167684	0.40005424204430573
20.027834834834835	-0.9093895918534309	1.0929195198847965	0.40022960644635536
20.126932932932935	-0.9097984282196135	1.0924819080107486	0.40040336527511167
20.22603103103103	-0.9102035567899828	1.0920484936153891	0.4005755406131218
20.32512912912913	-0.910605028156581	1.0916192175086483	0.4007461541636004
20.424227227227227	-0.9110028920684519	1.0911940206624224	0.400915227266415
20.523325325325327	-0.9113971973941455	1.0907728440486077	0.4010827808821195
20.622423423423424	-0.911787992083249	1.0903556286391007	0.4012488355755777
20.721521521521524	-0.9121753231366326	1.0899423161510444	0.40141341150331483
20.82061961961962	-0.9125592366951272	1.0895328523056642	0.40157652845155767
20.919717717717717	-0.9129397781544201	1.0891271840961123	0.40173820588553294
21.018815815815817	-0.9133169921495425	1.088725258512994	0.40189846294289044
21.117913913913913	-0.9136909225240941	1.088327022546916	0.40205731842057374
21.217012012012013	-0.9140616123001993	1.0879324231905634	0.4022147907620055
21.31611011011011	-0.9144291037203885	1.0875414090318558	0.4023708980751569
21.41520820820821	-0.9147934383336184	1.0871539322853125	0.4025256581694474
21.514306306306306	-0.915154656944069	1.0867699456423514	0.4026790885337177
21.613404404404406	-0.9155127996335178	1.086389401794389	0.40283120634591496
21.712502502502502	-0.915867905794546	1.086012253432843	0.4029820284874381
21.811600600600602	-0.9162200141637459	1.08563845324913	0.40313157155748275
21.9106986986987	-0.9165691629136805	1.0852679542826182	0.4032798519127527
22.0097967967968	-0.9169153898414268	1.0849007129214192	0.4034268857488538
22.108894894894895	-0.9172587317942403	1.0845366873215143	0.4035726888523163
22.207992992992992	-0.9175992246471109	1.0841758356514277	0.4037172765909096
22.307091091091092	-0.917936903569341	1.083818116079683	0.4038606640287449
22.40618918918919	-0.9182718032919098	1.0834634867748036	0.4040028660417158
22.505287287287288	-0.9186039583730691	1.0831119058653655	0.4041438974321595
22.604385385385385	-0.9189334032114085	1.0827633324885615	0.4042837729338911
22.703483483483485	-0.9192601713528936	1.0824177289338974	0.4044225069135549
22.80258158158158	-0.9195842953591559	1.0820750579201461	0.4045601133148874
22.90167967967968	-0.9199058070521228	1.081735282166081	0.40469660576381167
23.000777777777778	-0.9202247377663721	1.081398364390475	0.4048319976767543
23.099875875875878	-0.9205411186014874	1.0810642673121014	0.40496630236896297
23.198973973973974	-0.9208549806175131	1.0807329536917156	0.4050995331382618
23.298072072072074	-0.9211663544138492	1.0804043886716619	0.40523170308403467
23.39717017017017	-0.9214752696776566	1.0800785388736034	0.4053628249144303
23.49626826826827	-0.9217817553456824	1.0797553709246392	0.40549291101583235
23.595366366366367	-0.9220858398255816	1.0794348514518692	0.4056219735474669
23.694464464464463	-0.9223875512172254	1.0791169470823927	0.4057500245360057
23.793562562562563	-0.9226869175299415	1.078801624403744	0.4058770759684308
23.89266066066066	-0.9229839666244025	1.0784888509311743	0.4060031397672566
23.99175875875876	-0.9232787256533113	1.0781785964587476	0.40612822755147043
24.090856856856856	-0.9235712210334657	1.077870831015699	0.40625235062457876
24.189954954954956	-0.9238614786321776	1.0775655246312634	0.40637552005435723
24.289053053053053	-0.9241495239548522	1.0772626473346756	0.40649774675310163
24.388151151151153	-0.9244353823325664	1.0769621691551705	0.40661904155787776
24.48724924924925	-0.924719079071598	1.07666406000964	0.4067394152945569
24.58634734734735	-0.9250006391360958	1.076368291887178	0.40685887864217546
24.685445445445446	-0.9252800867555512	1.0760748379750098	0.40697744196472335
24.784543543543545	-0.9255574455366997	1.0757836714604698	0.4070951153590552
24.883641641641642	-0.9258327386354199	1.0754947655308926	0.40721190872856583
24.98273973973974	-0.9261059889286337	1.075208093373612	0.40732783185686655
25.08183783783784	-0.9263772191862057	1.0749236281759624	0.40744289448146115
25.180935935935935	-0.9266464521992686	1.074641343100221	0.40755710634865855
25.280034034034035	-0.92691371044512	1.0743612129432427	0.40767047706971754
25.37913213213213	-0.9271790157578134	1.0740832137188792	0.40778301598035144
25.47823023023023	-0.9274423894332309	1.0738073214496875	0.407894732185841
25.577328328328328	-0.9277038523648257	1.0735335121582252	0.4080056346189978
25.676426426426428	-0.927963425179313	1.07326176186705	0.4081157320981054
25.775524524524524	-0.9282211283723613	1.0729920465987188	0.40822503338486016
25.874622622622624	-0.9284769824266325	1.0727243423449213	0.40833354723476534
25.97372072072072	-0.9287310076164106	1.0724586263150262	0.40844128231367727
26.07281881881882	-0.9289832236727708	1.072194876973641	0.40854824705499576
26.171916916916917	-0.9292336498421793	1.0719330728144025	0.4086544496847396
26.271015015015017	-0.9294823050045379	1.0716731923309477	0.40875989827192327
26.370113113113113	-0.9297292077911405	1.0714152140169138	0.4088646007788968
26.46921121121121	-0.9299743767026302	1.0711591163659375	0.4089685651116843
26.56830930930931	-0.930217830218345	1.0709048778400718	0.4090717991666518
26.667407407407406	-0.9304595866729837	1.070652477776003	0.40917431077791283
26.766505505505506	-0.9306996639409565	1.070401896766916	0.4092761075826318
26.865603603603603	-0.9309380794647959	1.0701531154653003	0.4093771970331513
26.964701701701703	-0.9311748503553261	1.0699061145236457	0.40947758643976867
27.0637997997998	-0.9314099934916831	1.0696608745944416	0.409577283013449
27.1628978978979	-0.9316435256213342	1.0694173763301769	0.4096762939085382
27.261995995995996	-0.9318754634566987	1.0691756003576771	0.4097746262640229
27.361094094094096	-0.9321058236127949	1.0689355279075021	0.40987228717688345
27.460192192192192	-0.93233462232158	1.0686971414285615	0.4099692835801752
27.559290290290292	-0.9325618754281376	1.0684604234671875	0.4100656222414559
27.65838838838839	-0.9327875984764427	1.0682253565697117	0.4101613097993995
27.75748648648649	-0.9330118067952871	1.0679919232824657	0.4102563528004786
27.856584584584585	-0.9332345155842062	1.0677601061517816	0.41035075773564483
27.95568268268268	-0.93345574000093	1.0675298876231747	0.4104445310776697
28.05478078078078	-0.9336754952317109	1.0673012499340624	0.41053767931142726
28.153878878878878	-0.9338937962127412	1.0670741772520609	0.4106302088148369
28.252976976976978	-0.9341106574408281	1.0668486540996196	0.41072212577761635
28.352075075075074	-0.9343260930425017	1.066624664999188	0.4108134362308729
28.451173173173174	-0.9345401168545749	1.0664021944732152	0.4109041460816166
28.55027127127127	-0.9347527425047044	1.0661812270441504	0.4109942611472729
28.64936936936937	-0.93496398349195	1.0659617472344431	0.4110837871901958
28.748467467467467	-0.9351738532673355	1.0657437395665426	0.4111727299521805
28.847565565565567	-0.9353823653144082	1.0655271885628979	0.4112610951889767
28.946663663663664	-0.935589533185853	1.065312078603723	0.41134888868579306
29.045761761761764	-0.9357953702201056	1.0650983952183801	0.4114361161354827
29.14485985985986	-0.9359998893683276	1.0648861247947152	0.4115227830654261
29.243957957957956	-0.9362031032534999	1.064675253721838	0.4116088948629927
29.343056056056056	-0.9364050242321691	1.0644657683888579	0.4116944568017992
29.442154154154153	-0.9366056644561893	1.0642576551848841	0.4117794740679678
29.541252252252253	-0.9368050359344645	1.0640509004990264	0.41186395178638247
29.64035035035035	-0.9370031505946906	1.0638454907203942	0.41194789504694734
29.73944844844845	-0.937200020345098	1.0636414122380968	0.4120313089308436
29.838546546546546	-0.9373956571333294	1.0634386513820344	0.41211419853555936
29.937644644644646	-0.9375900728711566	1.0632371947828392	0.4121965689427141
30.036742742742742	-0.9377832791786846	1.0630370302940937	0.4122784251094646
30.135840840840842	-0.9379752873678328	1.062838145894613	0.4123597718617252
30.23493893893894	-0.9381661084961447	1.0626405295632135	0.4124406139170048
30.33403703703704	-0.9383557534204678	1.0624441692787108	0.4125209559071768
30.433135135135135	-0.9385442328506318	1.0622490530199205	0.41260080240124825
30.532233233233235	-0.9387315574031264	1.0620551687656585	0.4126801579281297
30.63133133133133	-0.938917737654781	1.0618625044947407	0.41275902699940453
30.730429429429428	-0.9391027841964406	1.061671048185184	0.4128374141320982
30.829527527527528	-0.9392867076479815	1.061480787748254	0.4129153238550851
30.928625625625624	-0.9394695184567714	1.0612917120606478	0.41299276062366835
31.027723723723724	-0.9396512267952631	1.0611038104634516	0.41306972877602016
31.12682182182182	-0.9398318426017392	1.060917072297751	0.4131462325504681
31.22591991991992	-0.9400113756242486	1.0607314869046318	0.41322227610417
31.325018018018017	-0.9401898354645435	1.0605470436251803	0.4132978635317879
31.424116116116117	-0.9403672316220157	1.0603637318004817	0.413372998884163
31.523214214214214	-0.9405435735376342	1.0601815407716226	0.4134476861869899
31.622312312312314	-0.9407188706378807	1.0600004598796882	0.4135219294594913
31.72141041041041	-0.94089313237445	1.0598204784186709	0.4135957327312877
31.82050850850851	-0.9410663681464789	1.0596415860439397	0.413669100009312
31.919606606606607	-0.9412385871310219	1.05946377322184	0.41374203520582603
32.0187047047047	-0.9414097982881005	1.0592870304694908	0.4138145421406168
32.1178028028028	-0.9415800103979208	1.0591113483040109	0.41388662455680825
32.216900900900896	-0.9417492320978547	1.058936717242519	0.4139582861365694
32.315998998999	-0.9419174719194182	1.058763127802134	0.4140295305168227
32.415097097097096	-0.9420847383252526	1.0585905704999747	0.41410036130495276
32.51419519519519	-0.9422510397461036	1.05841903585316	0.41417078209451447
32.61329329329329	-0.9424163846177885	1.0582485143722065	0.41424079648093665
32.71239139139139	-0.9425807813922293	1.0580789964707258	0.41431040806625385
32.81148948948949	-0.942744238398291	1.0579104734075961	0.41437962040003146
32.910587587587585	-0.942906763756056	1.0577429367579447	0.4144484369428285
33.00968568568568	-0.9430683654032569	1.0575763780968992	0.41451686107743246
33.10878378378378	-0.9432290511279395	1.0574107889995867	0.41458489612276306
33.20788188188188	-0.9433888286011249	1.0572461610411346	0.4146525453477762
33.30697997997998	-0.9435477054094726	1.05708248579667	0.41471981198536795
33.406078078078075	-0.9437056890879432	1.0569197548413207	0.41478669924627815
33.50517617617617	-0.9438627871524604	1.0567579597502137	0.4148532103329945
33.60427427427427	-0.9440190071325724	1.0565970920977363	0.41491934845365513
33.70337237237237	-0.9441743565764851	1.05643714340232	0.4149851168241408
33.80247047047047	-0.9443288429139322	1.0562781058505537	0.41505051860964526
33.901568568568564	-0.9444824733953003	1.0561199719503573	0.41511555689898366
34.00066666666666	-0.9446352551171703	1.0559627342096507	0.4151802347154812
34.099764764764764	-0.9447871950482484	1.0558063851363533	0.4152445550279786
34.19886286286286	-0.9449383000552973	1.055650917238385	0.41530852076183705
34.29796096096096	-0.945088576929068	1.0554963230236658	0.4153721348099441
34.39705905905905	-0.9452380324102301	1.055342595000115	0.41543540004371843
34.49615715715716	-0.9453866732153033	1.0551897256756528	0.41549831932411546
34.59525525525525	-0.9455345060625892	1.0550377075581987	0.41556089551263237
34.69435335335335	-0.9456815376842456	1.0548865331104764	0.4156231314764281
34.793451451451446	-0.9458277747299606	1.054736195306124	0.41568503004743906
34.89254954954954	-0.9459732236966688	1.0545866874598093	0.4157465939925955
34.991647647647646	-0.9461178909463999	1.0544380028864573	0.4158078260214055
35.09074574574574	-0.9462617827284604	1.0542901349009934	0.41586872879536624
35.18984384384384	-0.9464049052016141	1.0541430768183429	0.4159293049373753
35.288941941941935	-0.9465472644562637	1.0539968219534308	0.415989557041142
35.38804004004004	-0.9466888665366305	1.053851363621183	0.4160494876805984
35.487138138138135	-0.9468297174629364	1.0537066951365242	0.41610909941931074
35.58623623623623	-0.9469698232535843	1.0535628098143799	0.4161683948198906
35.68533433433433	-0.9471091899389764	1.0534197009339905	0.41622737644986074
35.78443243243243	-0.9472478234877862	1.0532773621579696	0.416286046850389
35.88353053053053	-0.9473857297379572	1.0531357874991143	0.41634440850700705
35.982628628628625	-0.9475229144100792	1.0529949709732025	0.41640246385528523
36.08172672672672	-0.9476593831260106	1.0528549065960124	0.4164602152887396
36.180824824824825	-0.9477951414274901	1.0527155883833226	0.4165176651667343
36.27992292292292	-0.9479301947947475	1.052577010350911	0.41657481582238365
36.37902102102102	-0.9480645486651155	1.0524391665145556	0.41663166957045444
36.478119119119114	-0.9481982084516408	1.052302050890035	0.4166882287152685
36.57721721721721	-0.9483311795616957	1.052165657493127	0.4167444955586044
36.676315315315314	-0.9484634674111097	1.0520299803120416	0.41680047240569684
36.77541341341341	-0.9485950773718286	1.0518950136177239	0.41685616154300775
36.87451151151151	-0.9487260147047073	1.051760752029215	0.4169115652097152
36.9736096096096	-0.9488562845676893	1.0516271901735397	0.4169666856011958
37.07270770770771	-0.9489858920316651	1.051494322677723	0.41702152487575717
37.1718058058058	-0.949114842096293	1.051362144168789	0.417076085161354
37.2709039039039	-0.949243139705821	1.051230649273763	0.4171303685623046
37.370002002001996	-0.949370789764908	1.0510998326196692	0.41718437716600754
37.4691001001001	-0.949497797154445	1.0509696888335325	0.41723811304965774
37.568198198198196	-0.9496241667473773	1.0508402125423772	0.4172915782869634
37.66729629629629	-0.9497499034237857	1.0507113983194993	0.41734477495455435
37.76639439439439	-0.9498750120489239	1.0505832408844038	0.4173977051227107
37.865492492492486	-0.9499994973964017	1.0504557354092081	0.41745037082270137
37.96459059059059	-0.9501233641389616	1.0503288770891857	0.41750277404282826
38.063688688688686	-0.9502466168627491	1.0502026611196107	0.4175549167344976
38.16278678678678	-0.9503692600817248	1.050077082695757	0.4176068008183523
38.26188488488488	-0.9504912982520751	1.0499521370128992	0.4176584281904039
38.36098298298298	-0.9506127357866252	1.0498278192663106	0.4177098007281652
38.46008108108108	-0.9507335770692497	1.0497041246512655	0.4177609202967821
38.559179179179175	-0.950853826469285	1.049581048363038	0.4178117887551661
38.65827727727727	-0.9509734883559411	1.0494585855969019	0.4178624079621263
38.757375375375375	-0.9510925671117316	1.0493367315283515	0.41791277978208086
38.85647347347347	-0.9512110671044047	1.0492154814128174	0.4179629060730442
38.95557157157157	-0.9513289926162647	1.0490948309115637	0.4180127886566071
39.054669669669664	-0.9514463478438479	1.0489747757313763	0.4180624293178978
39.15376776776776	-0.9515631369096577	1.0488553115790409	0.4181118298105618
39.252865865865864	-0.9516793638734891	1.0487364341613434	0.41816099186156325
39.35196396396396	-0.9517950327437533	1.0486181391850695	0.41820991717598544
39.45106206206206	-0.9519101474888025	1.0485004223570054	0.4182586074418316
39.550160160160154	-0.952024712048254	1.0483832793839365	0.4183070643348255
39.64925825825826	-0.9521387303443153	1.0482667059726487	0.4183552895232128
39.748356356356354	-0.9522522062931085	1.048150697829928	0.41840328467256127
39.84745445445445	-0.952365143815881	1.0480352506554527	0.4184510514505133
39.946552552552546	-0.9524775468309268	1.0479203601642522	0.41849859152335284
40.04565065065065	-0.952589419194785	1.0478060224305337	0.418545906531085
40.144748748748746	-0.9527007646879424	1.0476922336062715	0.4185929980814003
40.24384684684684	-0.9528115870245569	1.0475789898434404	0.41863986775379713
40.34294494494494	-0.9529218898622716	1.0474662872940153	0.4186865171037396
40.44204304304304	-0.9530316768120275	1.0473541221099703	0.4187329476668157
40.54114114114114	-0.9531409514478776	1.0472424904432807	0.41877916096289536
40.640239239239236	-0.9532497173167999	1.0471313884459208	0.41882515850028856
40.73933733733733	-0.9533579779485111	1.0470208122698654	0.41887094177990314
40.83843543543543	-0.9534657368652802	1.046910758067089	0.4189165122994031
40.93753353353353	-0.9535729975917376	1.0468012219886629	0.4189618715573647
41.03663163163163	-0.9536797636545016	1.046692200170295	0.4190070210531231
41.135729729729725	-0.9537860385343727	1.0465836890368037	0.41905196226652486
41.23482782782782	-0.9538918256456238	1.0464756851289687	0.4190966966491441
41.333925925925925	-0.953997128343878	1.0463681849875688	0.4191412256276205
41.43302402402402	-0.9541019499343765	1.0462611851533836	0.41918555060716567
41.53212212212212	-0.9542062936802475	1.0461546821671923	0.4192296729750696
41.631220220220214	-0.954310162810774	1.046048672569774	0.4192735941042068
41.73031831831832	-0.9544135605296621	1.045943152901908	0.419317315356543
41.829416416416414	-0.9545164900233095	1.0458381197043736	0.419360838086641
41.92851451451451	-0.9546189544690733	1.0457335695179502	0.41940416364516725
42.02761261261261	-0.9547209570435385	1.045629498883417	0.41944729338239833
42.126710710710704	-0.9548225009265046	1.0455259043234164	0.41949022864990954
42.22580880880881	-0.9549235892672149	1.0454227825629294	0.4195329707862517
42.324906906906904	-0.9550242251572435	1.045320130483151	0.41957552110546736
42.424005005005	-0.9551244116358972	1.0452179449658063	0.4196178808993851
42.5231031031031	-0.9552241516972901	1.0451162228926214	0.41966005144061863
42.6222012012012	-0.9553234482974158	1.045014961145321	0.4197020339855653
42.7212992992993	-0.9554223043612209	1.0449141566056306	0.4197438297774053
42.82039739739739	-0.9555207227896778	1.0448138061552759	0.41978544004909973
42.91949549549549	-0.9556187064668579	1.0447139066759819	0.4198268660263897
43.01859359359359	-0.955716258267004	1.0446144550494738	0.4198681089307946
43.11769169169169	-0.9558133810616039	1.0445154481574774	0.41990916998261135
43.216789789789786	-0.9559100777260139	1.044416882843198	0.4199500504037262
43.31588788788788	-0.9560063511262267	1.0443187560463099	0.4199907514120333
43.41498598598598	-0.956102204080234	1.044221064958172	0.42003127420502395
43.51408408408408	-0.9561976393540048	1.044123806779335	0.4200716199580621
43.61318218218218	-0.9562926596679251	1.0440269787103489	0.42011178982712083
43.712280280280275	-0.9563872677032805	1.043930577951764	0.4201517849515364
43.81137837837837	-0.9564814661087374	1.0438346017041307	0.42019160645676207
43.910476476476475	-0.9565752575068244	1.043739047167999	0.4202312554571221
44.00957457457457	-0.9566686445004138	1.0436439115439193	0.4202707330585654
44.10867267267267	-0.9567616296792033	1.043549192032442	0.4203100403614198
44.207770770770765	-0.9568542156261972	1.0434548858341173	0.4203491784631456
44.30686886886887	-0.9569464049241884	1.0433609901494951	0.4203881484610899
44.405966966966965	-0.957038200162123	1.0432675021734683	0.4204269514551903
44.50506506506506	-0.9571296039265967	1.0431744191013803	0.4204655885443319
44.60416316316316	-0.9572206187633935	1.0430817383696698	0.4205040608100089
44.703261261261254	-0.9573112471726314	1.0429894574677148	0.4205423693143249
44.80235935935936	-0.9574014916142941	1.0428975738848933	0.4205805151023426
44.901457457457454	-0.9574913545133446	1.0428060851105831	0.4206184992042484
45.00055555555555	-0.9575808382648388	1.0427149886341627	0.42065632263751807
45.09965365365365	-0.9576699452390398	1.0426242819450093	0.4206939864090819
45.19875175175175	-0.9577586777865318	1.0425339625325016	0.42073149151749
45.29784984984985	-0.957847038243333	1.0424440278860174	0.42076883895507766
45.39694794794794	-0.9579350289360105	1.0423544754949348	0.42080602971013026
45.49604604604604	-0.9580226521867935	1.0422653028486313	0.42084306476904904
45.59514414414414	-0.9581099103186878	1.0421765074364855	0.42087994511851595
45.69424224224224	-0.9581968056580425	1.042088086727891	0.42091667174657954
45.793340340340336	-0.9582833405116713	1.042000038329399	0.42095324563296244
45.89243843843843	-0.9583695171463605	1.0419123599819136	0.4209896677403994
45.991536536536536	-0.9584553377919083	1.041825049427337	0.42102593901592816
46.09063463463463	-0.9585408046455786	1.0417381044075718	0.4210620603927743
46.18973273273273	-0.9586259198765538	1.0416515226645202	0.42109803279223584
46.288830830830825	-0.9587106856303863	1.0415653019400848	0.42113385712556695
46.38792892892892	-0.9587951040334506	1.041479439976168	0.4211695342958622
46.487027027027025	-0.9588791771973946	1.041393934514672	0.42120506519994044
46.58612512512512	-0.9589629072235925	1.0413087832974997	0.4212404507302292
46.68522322322322	-0.9590462962075958	1.041223984066553	0.42127569177664853
46.784321321321315	-0.9591293462435863	1.0411395345637342	0.421310789228495
46.88341941941942	-0.959212059428585	1.0410554325234742	0.4213457439762241
46.982517517517515	-0.9592944378538542	1.0409716757113205	0.4213805569078153
47.08161561561561	-0.9593764835791805	1.0408882620687987	0.42141522889788974
47.18071371371371	-0.9594581986307329	1.0408051895593131	0.42144976080679913
47.27981181181181	-0.9595395850049224	1.0407224561462682	0.4214841534822603
47.37890990990991	-0.9596206446721715	1.040640059793068	0.42151840776095145
47.478008008008004	-0.9597013795806826	1.0405579984631175	0.42155252447010877
47.5771061061061	-0.9597817916602085	1.040476270119821	0.42158650442912277
47.6762042042042	-0.9598618828258206	1.0403948727265824	0.42162034845113483
47.7753023023023	-0.9599416549816788	1.0403138042468065	0.4216540573446336
47.8744004004004	-0.9600211100248004	1.0402330626438978	0.4216876319150516
47.97349849849849	-0.9601002498488295	1.0401526458812607	0.42172107296636135
48.07259659659659	-0.9601790763478062	1.0400725519222642	0.4217543813026722
48.17169469469469	-0.9602575914165667	1.0399927787180643	0.42178755772839843
48.27079279279279	-0.9603357969308812	1.0399133243546554	0.421820603039846
48.369890890890886	-0.9604136947362999	1.0398341869904684	0.42185351802049575
48.46898898898898	-0.9604912866510457	1.0397553647839333	0.42188630344222927
48.568087087087086	-0.960568574469251	1.0396768558934808	0.42191896006670004
48.66718518518518	-0.9606455599641969	1.039598658477541	0.4219514886467046
48.76628328328328	-0.9607222448915498	1.0395207706945446	0.42198388992755353
48.865381381381376	-0.9607986309926009	1.0394431907029218	0.42201616464844266
48.96447947947947	-0.9608747199975026	1.039365916661103	0.42204831354382416
49.063577577577576	-0.9609505136285079	1.0392889467275186	0.42208033734477773
49.16267567567567	-0.9610260136032074	1.0392122790605989	0.42211223678038157
49.26177377377377	-0.9611012216377679	1.0391359118187746	0.4221440125790837
49.360871871871865	-0.9611761394501079	1.0390598431420355	0.42217566547004787
49.45996996996997	-0.9612507687555708	1.0389840711921505	0.4222071961813364
49.559068068068065	-0.9613251112463778	1.0389085942977665	0.4222386054311987
49.65816616616616	-0.9613991685869432	1.0388334108003436	0.42226989392607356
49.75726426426426	-0.9614729424167702	1.038758519041343	0.4223010623618177
49.85636236236236	-0.961546434353429	1.0386839173622255	0.4223321114249694
49.95546046046046	-0.9616196459955375	1.0386096041044512	0.42236304179401296
50.054558558558554	-0.9616925789257393	1.0385355776094813	0.4223938541406429
50.15365665665665	-0.9617652347136842	1.0384618362187765	0.42242454913102784
50.252754754754754	-0.9618376149190067	1.0383883782737973	0.422455127427075
50.35185285285285	-0.9619097210943054	1.0383152021160043	0.422485589687694
50.45095095095095	-0.961981554788123	1.0382423060868584	0.42251593657006153
50.55004904904904	-0.9620531175479246	1.0381696885278202	0.4225461687308849
50.64914714714714	-0.9621244109230779	1.0380973477803503	0.4225762868276666
50.74824524524524	-0.9621954364662768	1.038025282170052	0.4226062915193043
50.84734334334334	-0.962266195717992	1.0379534900964162	0.4226361834594714
50.946441441441436	-0.9623366901936242	1.0378819700654536	0.4226659632911967
51.04553953953953	-0.9624069213858956	1.0378107205851896	0.42269563164789337
51.144637637637636	-0.9624768907672219	1.0377397401636492	0.4227251891543618
51.24373573573573	-0.9625465997920722	1.037669027308858	0.42275463642778827
51.34283383383383	-0.9626160498993298	1.0375985805288408	0.4227839740787429
51.441931931931926	-0.9626852425146523	1.037528398331623	0.4228132027121782
51.54103003003003	-0.9627541790528314	1.03745847922523	0.42284232292842705
51.640128128128126	-0.9628228609201545	1.0373888217176868	0.4228713353242013
51.73922622622622	-0.9628912895167633	1.0373194243170185	0.4229002404935899
51.83832432432432	-0.9629594662390156	1.0372502855312506	0.42292903902905693
51.937422422422415	-0.9630273924818448	1.0371814038684084	0.42295773152244054
52.03652052052052	-0.9630950696411205	1.037112777836516	0.42298631856595037
52.135618618618615	-0.9631624991138285	1.0370444059288855	0.4230148007522431
52.23471671671671	-0.9632296822841351	1.036976286737007	0.4230431786685265
52.33381481481481	-0.9632966205149626	1.036908418915089	0.42307145289300324
52.43291291291291	-0.9633633151497679	1.0368408011173396	0.4230996239956255
52.53201101101101	-0.9634297675146049	1.0367734319979678	0.4231276925389663
52.631109109109104	-0.9634959789201861	1.0367063102111818	0.4231556590790913
52.7302072072072	-0.9635619506639456	1.0366394344111902	0.42318352416643057
52.829305305305304	-0.9636276840321004	1.0365728032522017	0.42321128834665045
52.9284034034034	-0.9636931803017131	1.0365064153884245	0.42323895216152513
53.0275015015015	-0.9637584407427536	1.036440269474067	0.4232665161498086
53.126599599599594	-0.9638234666201613	1.0363743641633383	0.4232939808481063
53.22569769769769	-0.9638882591959075	1.0363086981104466	0.4233213467917469
53.324795795795794	-0.9639528197310573	1.0362432699696003	0.4233486145156539
53.42389389389389	-0.9640171494878217	1.0361780783937942	0.42337578455521374
53.52299199199199	-0.964081249727813	1.0361131220303015	0.4234028574455392
53.62209009009008	-0.9641451216982998	1.036048399630354	0.42342983371566106
53.72118818818819	-0.964208766628238	1.0359839099768509	0.4234567138868476
53.82028628628628	-0.9642721857300721	1.0359196518526903	0.42348349847336536
53.91938438438438	-0.964335380201489	1.0358556240407713	0.4235101879832219
54.018482482482476	-0.9643983512271705	1.0357918253239926	0.4235367829189065
54.11758058058058	-0.9644610999805475	1.035728254485253	0.42356328377813296
54.216678678678676	-0.9645236276255523	1.0356649103074511	0.42358969105458055
54.31577677677677	-0.9645859353183728	1.0356017915734856	0.42361600523863624
54.41487487487487	-0.9646480242092048	1.0355388970662556	0.4236422268181361
54.51397297297297	-0.9647098954440064	1.0354762255686594	0.42366835627910754
54.61307107107107	-0.9647715501662504	1.035413775863596	0.4236943941065105
54.712169169169165	-0.9648329895186778	1.035351546733964	0.42372034078497967
54.81126726726726	-0.9648942146449775	1.0352895369592605	0.42374619679953474
54.91036536536536	-0.964955226686336	1.0352277453293413	0.42377196263411965
55.00946346346346	-0.9650160267697617	1.0351661707268671	0.42379763876666454
55.10856156156156	-0.9650766160065785	1.035104812048428	0.42382322566845093
55.207659659659654	-0.9651369954939789	1.0350436681906143	0.4238487238047694
55.30675775775775	-0.965197166316536	1.0349827380500158	0.42387413363555837
55.405855855855854	-0.9652571295477146	1.0349220205232232	0.423899455616044
55.50495395395395	-0.9653168862513826	1.034861514506826	0.42392469019737894
55.60405205205205	-0.965376437483323	1.0348012188974145	0.4239498378272823
55.703150150150144	-0.965435784292745	1.034741132591579	0.42397489895067847
55.80224824824825	-0.9654949277237954	1.0346812544859094	0.42399987401033656
55.901346346346344	-0.9655538688170703	1.034621583476996	0.42402476344751
56.00044444444444	-0.9656126086111266	1.0345621184614289	0.4240495677025755
56.09954254254254	-0.9656711481439934	1.034502858335798	0.4240742872156727
56.19864064064063	-0.9657294884546654	1.034443801984375	0.4240989224273363
56.29773873873874	-0.9657876305808566	1.0343849483005503	0.4241234737775547
56.39683683683683	-0.965845575548104	1.0343262962801225	0.4241479417011549
56.49593493493493	-0.9659033243670528	1.0342678449267906	0.4241723266266465
56.595033033033026	-0.9659608780348063	1.0342095932442537	0.4241966289767939
56.69413113113113	-0.9660182375363221	1.0341515402362107	0.42422084916920755
56.793229229229226	-0.9660754038458081	1.0340936849063604	0.42424498761693613
56.89232732732732	-0.9661323779281196	1.034036026258402	0.424269044729058
56.99142542542542	-0.9661891607401544	1.0339785632960348	0.4242930209112732
57.09052352352352	-0.9662457532322501	1.033921295022957	0.4243169165664948
57.18962162162162	-0.9663021563495802	1.0338642204428683	0.4243407320954412
57.288719719719715	-0.9663583710335497	1.0338073385594675	0.4243644678972275
57.38781781781781	-0.9664143982231923	1.0337506483764534	0.42438812436995715
57.48691591591591	-0.9664702388565658	1.033694148897525	0.42441170191131417
57.58601401401401	-0.9665258938721492	1.0336378391263814	0.4244352009191544
57.68511211211211	-0.9665813642102162	1.03358171806498	0.4244586217920881
57.784210210210205	-0.96663665081031	1.0335257847076427	0.424481964928401
57.8833083083083	-0.9666917546003551	1.0334700381331425	0.4245052307214384
57.982406406406405	-0.9667466764952778	1.0334144774430578	0.4245284195590387
58.0815045045045	-0.9668014173983034	1.0333591017389663	0.4245515318240843
58.1806026026026	-0.9668559782020663	1.0333039101224464	0.4245745678949703
58.279700700700694	-0.9669103597897187	1.0332489016950757	0.42459752814607327
58.3787987987988	-0.9669645630360402	1.0331940755584326	0.4246204129482197
58.477896896896894	-0.9670185888085467	1.033139430814095	0.42464322266915505
58.57699499499499	-0.9670724379686002	1.0330849665636412	0.42466595767401194
58.67609309309309	-0.9671261113725176	1.0330306819086492	0.42468861832577914
58.77519119119119	-0.96717960987268	1.0329765759506968	0.4247112049857703
58.87428928928929	-0.9672329343186424	1.0329226477913624	0.4247337180140923
58.97338738738738	-0.9672860855582425	1.032868896532224	0.4247561577701143
59.07248548548548	-0.9673390644387101	1.0328153212748592	0.42477852461293614
59.171583583583576	-0.9673918718077764	1.0327619211208467	0.4248008189018571
59.27068168168168	-0.9674445085139318	1.0327086951619127	0.42482304099648427
59.369779779779776	-0.9674969753994874	1.0326556425387465	0.4248451912537996
59.46887787787787	-0.967549273295366	1.0326027624389023	0.42486727002596264
59.56797597597597	-0.9676014030218619	1.0325500540501205	0.42488927766063317
59.66707407407407	-0.967653365389614	1.0324975165601413	0.42491121450138175
59.76617217217217	-0.9677051612005775	1.0324451491567057	0.42493308088810017
59.865270270270265	-0.9677567912489959	1.0323929510275538	0.42495487715741215
59.96436836836836	-0.9678082563223736	1.0323409213604267	0.4249766036430838
60.063466466466465	-0.9678595572024473	1.0322890593430643	0.42499826067643426
60.16256456456456	-0.9679106946661589	1.0322373641632077	0.425019848586746
60.26166266266266	-0.9679616694866269	1.032185835008597	0.42504136770167567
60.360760760760755	-0.9680124824341189	1.0321344710669729	0.42506281834766435
60.45985885885885	-0.9680631342770234	1.032083271526076	0.42508420085034837
60.558956956956955	-0.9681136257828225	1.0320322355736469	0.42510551553496967
60.65805505505505	-0.9681639577190632	1.0319813623974259	0.4251267627267863
60.75715315315315	-0.9682141308541736	1.0319306511806179	0.4251479427514171
60.856251251251244	-0.9682641459537997	1.031880101121351	0.42516905593329646
60.95534934934935	-0.9683140037740814	1.0318297114784944	0.42519010259283413
61.054447447447444	-0.9683637050616181	1.03177948151586	0.42521108304639954
61.15354554554554	-0.9684132505543207	1.0317294104972594	0.42523199760668196
61.25264364364364	-0.9684626409822418	1.031679497686504	0.42525284658304086
61.35174174174174	-0.9685118770684044	1.0316297423474057	0.4252736302818567
61.45083983983984	-0.9685609595296307	1.0315801437437762	0.4252943490068811
61.54993793793793	-0.9686098890773726	1.0315307011394266	0.42531500305958747
61.64903603603603	-0.9686586664185393	1.031481413798169	0.42533559273952115
61.748134134134126	-0.9687072922563278	1.031432280983815	0.4253561183446504
61.84723223223223	-0.9687557672910518	1.0313833019601761	0.4253765801717165
61.946330330330326	-0.9688040922209705	1.031334475991064	0.42539697851658403
62.04542842842842	-0.9688522677431184	1.0312858023402904	0.4254173136745919
62.14452652652652	-0.9689002945541341	1.0312372802716667	0.4254375859409033
62.24362462462462	-0.9689481733510841	1.0311889090482222	0.4254577956108539
62.34272272272272	-0.9689959048304844	1.0311406879294807	0.425477942979538
62.441820820820816	-0.9690434896819903	1.031092616230425	0.42549802833914174
62.54091891891891	-0.9690909285866491	1.0310446932822541	0.4255180519782064
62.640017017017016	-0.9691382222176438	1.0309969184161663	0.42553801418194276
62.73911511511511	-0.9691853712410087	1.0309492909633602	0.4255579152325336
62.83821321321321	-0.9692323763163472	1.0309018102550342	0.4255777554094371
62.937311311311305	-0.9692792380975485	1.0308544756223874	0.42559753498968933
63.0364094094094	-0.9693259572335046	1.030807286396618	0.4256172542482076
63.135507507507505	-0.9693725343688268	1.0307602419089246	0.4256369134580931
63.2346056056056	-0.969418970144563	1.0307133414905059	0.42565651289093387
63.3337037037037	-0.9694652651989148	1.0306665844725602	0.42567605281710785
63.432801801801794	-0.9695114201679539	1.0306199701862864	0.4256955335060857
63.5318998998999	-0.969557435686339	1.030573497962883	0.42571495522673386
63.630997997997994	-0.9696033123880334	1.0305271671335483	0.42573431824761737
63.73009609609609	-0.9696490509070214	1.0304809770294814	0.42575362283730284
63.82919419419419	-0.9696946518779413	1.0304349269668196	0.42577286926462726
63.92829229229229	-0.9697401159334407	1.030389016290414	0.42579205779758483
64.0273903903904	-0.9697854436986638	1.0303432443946863	0.4258111887009922
64.12648848848849	-0.9698306357908325	1.030297610674511	0.42583026223630877
64.22558658658659	-0.9698756928199099	1.0302521145247618	0.4258492786619173
64.32468468468468	-0.9699206153892641	1.0302067553403131	0.4258682382334055
64.42378278278278	-0.969965404096333	1.0301615325160387	0.42588714120384724
64.52288088088088	-0.9700100595332887	1.030116445446813	0.4259059878240835
64.62197897897897	-0.9700545822877014	1.03007149352751	0.4259247783430039
64.72107707707707	-0.970098972943204	1.0300266761530037	0.42594351300782785
64.82017517517518	-0.9701432320801567	1.0299819927181684	0.42596219206438574
64.91927327327328	-0.9701873602763109	1.0299374426178778	0.4259808157574003
65.01837137137137	-0.9702313581074735	1.0298930252470064	0.4259993843307677
65.11746946946947	-0.9702752261481716	1.0298487400004284	0.4260178980278389
65.21656756756757	-0.9703189649723168	1.0298045862730174	0.4260363570917007
65.31566566566566	-0.970362575153869	1.029760563459648	0.4260547617654572
65.41476376376377	-0.9704060572675016	1.0297166709551941	0.426073112292511
65.51386186186187	-0.970449411888799	1.0296729081472298	0.4260914089166457
65.61295995995997	-0.970492639589509	1.0296292744466227	0.42610965188000915
65.71205805805806	-0.9705357409340126	1.0295857693057284	0.42612784142162724
65.81115615615616	-0.9705787164800311	1.0295423921778015	0.42614597777770835
65.91025425425426	-0.97062156677916	1.0294991425160973	0.42616406118186845
66.00935235235235	-0.9706642923773976	1.0294560197738705	0.42618209186535455
66.10845045045045	-0.9707068938156747	1.0294130234043757	0.42620007005726784
66.20754854854854	-0.9707493716303829	1.029370152860868	0.4262179959847872
66.30664664664666	-0.9707917263539041	1.0293274075966024	0.42623586987339224
66.40574474474475	-0.9708339585151391	1.0292847870648336	0.42625369194708673
66.50484284284285	-0.970876068640037	1.0292422907188163	0.426271462428622
66.60394094094094	-0.9709180572521239	1.0291999180118059	0.42628918153972
66.70303903903904	-0.970959924873032	1.0291576683970567	0.42630684950129677
66.80213713713714	-0.9710016720230286	1.0291155413278237	0.4263244665336856
66.90123523523523	-0.9710432992215453	1.029073536257362	0.4263420328568605
67.00033333333333	-0.9710848069877066	1.029031652638926	0.42635954869065945
67.09943143143144	-0.9711261958408594	1.0289898899257712	0.42637701425500757
67.19852952952954	-0.9711674663009044	1.0289482475660434	0.42639442977005715
67.29762762762763	-0.971208618885365	1.0289067250239108	0.4264117954549493
67.39672572572573	-0.9712496541056949	1.028865321802591	0.42642911152625673
67.49582382382383	-0.971290572467438	1.0288240374068567	0.42644637819805287
67.59492192192192	-0.9713313744706995	1.0287828713414808	0.4264635956821102
67.69402002002002	-0.9713720606106093	1.0287418231112357	0.426480764188096
67.79311811811812	-0.9714126313777878	1.0287008922208942	0.42649788392376875
67.89221621621621	-0.9714530872588097	1.0286600781752293	0.426514955095174
67.99131431431432	-0.9714934287366696	1.0286193804790134	0.42653197790684055
68.09041241241242	-0.9715336562912459	1.0285787986370194	0.4265489525619766
68.18951051051052	-0.9715737703997662	1.0285383321540198	0.4265658792626657
68.28860860860861	-0.9716137715372717	1.0284979805347876	0.4265827582100628
68.38770670670671	-0.971653660177082	1.0284577432840953	0.42659958960459055
68.4868048048048	-0.9716934367912599	1.0284176199067159	0.42661637364613514
68.5859029029029	-0.9717331018510758	1.0283776099074218	0.4266331105342427
68.685001001001	-0.9717726558274729	1.0283377127909858	0.42664980046831485
68.7840990990991	-0.9718120991915317	1.028297928062181	0.4266664436478055
68.8831971971972	-0.9718514324148116	1.0282582552222	0.4266830402723644
68.9822952952953	-0.9718906559670166	1.0282186937826674	0.4266995905408537
69.0813933933934	-0.9719297703125609	1.028179243291645	0.42671609464989824
69.1804914914915	-0.9719687759106777	1.028139903299496	0.42673255279393096
69.27958958958959	-0.9720076732158275	1.0281006733565832	0.42674896516536526
69.37868768768769	-0.9720464626780951	1.0280615530132695	0.4267653319547624
69.47778578578578	-0.9720851447435873	1.0280225418199183	0.42678165335099966
69.57688388388388	-0.9721237198548303	1.027983639326892	0.42679792954143814
69.67598198198199	-0.9721621884511673	1.0279448450845539	0.42681416071209044
69.77508008008009	-0.9722005509691558	1.027906158643267	0.4268303470477886
69.87417817817818	-0.9722388078429655	1.0278675795533943	0.4268464887323518
69.97327627627628	-0.9722769595047749	1.0278291073652983	0.42686258594875454
70.07237437437438	-0.9723150063851699	1.0277907416293426	0.426878638879294
70.17147247247247	-0.9723529489135406	1.0277524818958896	0.42689464770575813
70.27057057057057	-0.9723907875184788	1.027714327715303	0.4269106126095935
70.36966866866867	-0.9724285226281759	1.027676278637945	0.4269265337720731
70.46876676676676	-0.9724661546708198	1.0276383342141788	0.4269424113744641
70.56786486486487	-0.9725036840749305	1.0276004939919239	0.4269582455981693
70.66696296296297	-0.9725411112677118	1.0275627575253596	0.42697403662403105
70.76606106106107	-0.9725784366718772	1.0275251244022303	0.42698978463099135
70.86515915915916	-0.9726156607055619	1.027487594213373	0.4270054897960556
70.96425725725726	-0.9726527837826802	1.027450166549625	0.42702115229444326
71.06335535535536	-0.9726898063132694	1.0274128410018228	0.4270367722997333
71.16245345345345	-0.9727267287038347	1.0273756171608044	0.4270523499840096
71.26155155155155	-0.9727635513576937	1.027338494617406	0.42706788551800623
71.36064964964966	-0.97280027467532	1.0273014729624652	0.4270833790712531
71.45974774774776	-0.972836899054689	1.027264551786819	0.4270988308122212
71.55884584584585	-0.972873424891621	1.0272277306813045	0.4271142409084681
71.65794394394395	-0.9729098525801265	1.0271910092367587	0.4271296095267832
71.75704204204204	-0.9729461825127506	1.0271543870440185	0.42714493683333327
71.85614014014014	-0.9729824150809165	1.0271178636939213	0.42716022299380796
71.95523823823824	-0.9730185506752715	1.0270814387773042	0.427175468173565
72.05433633633633	-0.9730545896860302	1.0270451118850041	0.4271906725377757
72.15343443443443	-0.9730905325033192	1.0270088826078583	0.4272058362515704
72.25253253253254	-0.9731263795175276	1.026972750533245	0.4272209594801861
72.35163063063064	-0.9731621311190484	1.0269367152414366	0.4272360423888607
72.45072872872873	-0.973197787695227	1.0269007763550786	0.42725108514154325
72.54982682682683	-0.9732333496289706	1.0268649335033437	0.4272660879003041
72.64892492492493	-0.9732688172990217	1.0268291863154035	0.4272810508254507
72.74802302302302	-0.9733041910802789	1.0267935344204302	0.4272959740756626
72.84712112112112	-0.9733394713441161	1.0267579774475957	0.4273108578081272
72.94621921921922	-0.9733746584587032	1.0267225150260724	0.4273257021786747
73.04531731731731	-0.9734097527893255	1.0266871467850318	0.42734050734191364
73.14441541541542	-0.9734447546987042	1.0266518723536466	0.42735527345136615
73.24351351351352	-0.9734796645473154	1.0266166913610884	0.42737000065960323
73.34261161161162	-0.9735144826937114	1.0265816034365294	0.4273846891183802
73.44170970970971	-0.9735492094948397	1.0265466082091417	0.42739933897877186
73.54080780780781	-0.9735838453063631	1.026511705308097	0.4274139503913079
73.6399059059059	-0.9736183904829803	1.026476894362568	0.42742852350610827
73.739004004004	-0.9736528453787449	1.026442175001726	0.4274430584730184
73.8381021021021	-0.973687210347386	1.0264075468547436	0.4274575554417446
73.93720020020021	-0.9737214857426283	1.0263730095507928	0.42747201456198913
74.0362982982983	-0.9737556719185114	1.0263385627190453	0.42748643598358604
74.1353963963964	-0.9737897692296739	1.0263042059867684	0.42750081985662036
74.2344944944945	-0.9738237780298771	1.0262699389800078	0.4275151663308009
74.3335925925926	-0.9738576986689844	1.0262357613580064	0.4275294755541831
74.43269069069069	-0.9738915314930663	1.0262016727851768	0.42754374767321907
74.53178878878879	-0.9739252768446988	1.0261676729259313	0.4275579828328837
74.63088688688688	-0.9739589350632185	1.0261337614446822	0.4275721811767822
74.72998498498498	-0.9739925064849784	1.026099938005842	0.42758634284725766
74.82908308308309	-0.974025991443602	1.0260662022738234	0.427600467985499
74.92818118118119	-0.9740593902702404	1.0260325539130386	0.4276145567316485
75.02727927927928	-0.9740927032938256	1.0259989925879003	0.4276286092249093
75.12637737737738	-0.9741259308413275	1.0259655179628207	0.42764262560365346
75.22547547547548	-0.974159073238008	1.0259321297022121	0.4276566060055291
75.32457357357357	-0.9741921308076767	1.0258988274704874	0.42767055056756864
75.42367167167167	-0.9742251038729468	1.025865610932059	0.427684459426296
75.52276976976977	-0.9742579927554892	1.025832479751339	0.4276983327178345
75.62186786786788	-0.9742907977762886	1.0257994335927398	0.42771217057801436
75.72096596596597	-0.9743235192558987	1.0257664721206743	0.4277259731424807
75.82006406406407	-0.9743561575146972	1.0257335949995547	0.42773974054680075
75.91916216216217	-0.9743887128731413	1.0257008018937934	0.4277534729265719
76.01826026026026	-0.9744211856520066	1.0256680924664041	0.42776717041752216
76.11735835835836	-0.9744535761715201	1.0256354663792528	0.42778083315514404
76.21645645645646	-0.9744858847488765	1.0256029233229855	0.42779446127364784
76.31555455455455	-0.9745181116979384	1.025570462993175	0.42780805490583534
76.41465265265265	-0.9745502573294752	1.025538085085393	0.4278216141832013
76.51375075075076	-0.9745823219513883	1.0255057892952124	0.4278351392360282
76.61284884884886	-0.9746143058689358	1.0254735753182054	0.4278486301934808
76.71194694694695	-0.9746462093849572	1.025441442849944	0.42786208718370117
76.81104504504505	-0.9746780328000979	1.025409391586001	0.42787551033390303
76.91014314314315	-0.9747097764130345	1.0253774212219484	0.42788889977046685
77.00924124124124	-0.9747414405206988	1.0253455314533588	0.4279022556190344
77.10833933933934	-0.9747730254185027	1.0253137219758042	0.4279155780046034
77.20743743743743	-0.9748045314005638	1.0252819924848573	0.4279288670516226
77.30653553553553	-0.9748359587599285	1.0252503426760902	0.42794212288408606
77.40563363363364	-0.974867307788798	1.0252187722450752	0.42795534562562826
77.50473173173174	-0.9748985787787529	1.0251872808873848	0.42796853539961865
77.60382982982983	-0.974929772020977	1.0251558682985913	0.4279816923292564
77.70292792792793	-0.9749608878064833	1.025124534174267	0.42799481653766525
77.80202602602603	-0.9749919264263377	1.0250932782099842	0.428007908147988
77.90112412412412	-0.9750228881718717	1.0250621001002778	0.4280209672834763
78.00022222222222	-0.9750537733339288	1.0250309995384592	0.42803399406717324
78.09932032032032	-0.9750845822006633	1.0249999762429889	0.42804698862098556
78.19841841841843	-0.9751153150573113	1.0249690299370666	0.4280599510655867
78.29751651651652	-0.9751459721864052	1.0249381603438916	0.428072881520507
78.39661461461462	-0.9751765538679659	1.024907367186664	0.4280857801042149
78.49571271271272	-0.9752070603796954	1.0248766501885833	0.4280986469341983
78.59481081081081	-0.9752374919971698	1.024846009072849	0.42811148212704575
78.69390890890891	-0.9752678489940316	1.024815443562661	0.42812428579852757
78.793007007007	-0.9752981316421823	1.024784953381219	0.42813705806367747
78.8921051051051	-0.975328340211975	1.0247545382517225	0.4281497990368734
78.9912032032032	-0.9753584749724076	1.0247241978973711	0.42816250883191914
79.09030130130131	-0.9753885361913144	1.0246939320413648	0.42817518756212536
79.1893993993994	-0.9754185241355597	1.024663740406903	0.42818783534039095
79.2884974974975	-0.9754484390712299	1.0246336227171855	0.42820045227928444
79.3875955955956	-0.9754782812638263	1.024603578695412	0.4282130384911248
79.4866936936937	-0.9755080509784576	1.024573608064782	0.4282255940880633
79.58579179179179	-0.9755377484800325	1.0245437105484951	0.4282381191821643
79.68488988988989	-0.9755673740334527	1.0245138858697513	0.42825061388548685
79.78398798798798	-0.9755969279037973	1.024484133750984	0.4282630783101623
79.8830860860861	-0.9756264103557533	1.0244544539133544	0.42827551256815416
79.98218418418419	-0.9756558216517144	1.0244248461000656	0.428287916770456
80.08128228228229	-0.975685162051508	1.024395310058888	0.4283002910269767
80.18038038038038	-0.9757144318125786	1.0243658455375921	0.4283126354466178
80.27947847847848	-0.9757436311901543	1.0243364522839489	0.42832495013734395
80.37857657657658	-0.9757727604374149	1.0243071300457287	0.4283372352062538
80.47767467467467	-0.9758018198056585	1.0242778785707023	0.42834949075964984
80.57677277277277	-0.9758308095444692	1.0242486976066403	0.4283617169031098
80.67587087087087	-0.9758597299018842	1.0242195869013133	0.42837391374155653
80.77496896896898	-0.9758885811245608	1.0241905462024918	0.42838608137932893
80.87406706706707	-0.9759173634579438	1.0241615752579467	0.4283982199202522
80.97316516516517	-0.975946077146433	1.0241326738154486	0.4284103294677086
81.07226326326327	-0.9759747224335501	1.024103841622768	0.42842241012470794
81.17136136136136	-0.9760032995621057	1.0240750784276753	0.428434461993958
81.27045945945946	-0.9760318087743676	1.0240463839779417	0.4284464851779353
81.36955755755756	-0.9760602503122265	1.0240177580213372	0.4284584797789554
81.46865565565565	-0.9760886244173647	1.023989200305633	0.42847044589924366
81.56775375375375	-0.9761169313314221	1.0239607105785993	0.42848238364100555
81.66685185185186	-0.9761451712961664	1.0239322885868634	0.42849429310649817
81.76594994994996	-0.9761733445534985	1.0239039340682674	0.42850617439803407
81.86504804804805	-0.9762014513439607	1.0238756467865897	0.42851802761735225
81.96414614614615	-0.9762294919056624	1.023847426512918	0.42852985286516276
82.06324424424425	-0.976257466474373	1.0238192730183395	0.42854165024118596
82.16234234234234	-0.9762853752836776	1.0237911860739417	0.42855341984421824
82.26144044044044	-0.9763132185651335	1.0237631654508126	0.428565161772198
82.36053853853853	-0.9763409965484247	1.023735210920039	0.42857687612227113
82.45963663663665	-0.9763687094615181	1.0237073222527089	0.42858856299085707
82.55873473473474	-0.9763963575308195	1.0236794992199094	0.4286002224737143
82.65783283283284	-0.9764239409813288	1.0236517415927284	0.4286118546660066
82.75693093093093	-0.9764514600367957	1.0236240491422535	0.4286234596623681
82.85602902902903	-0.9764789149198757	1.0235964216395717	0.42863503755696963
82.95512712712713	-0.9765063058522854	1.0235688588557705	0.4286465884435845
83.05422522522522	-0.9765336330549582	1.023541360561938	0.4286581124156538
83.15332332332332	-0.9765608967482003	1.0235139265291613	0.42866960956635275
83.25242142142142	-0.9765880971518462	1.0234865565285278	0.42868107998865596
83.35151951951953	-0.9766152344854142	1.0234592503311253	0.42869252377540357
83.45061761761762	-0.9766423089682621	1.023432007708041	0.4287039410193669
83.54971571571572	-0.976669320819743	1.0234048284303627	0.4287153318133142
83.64881381381382	-0.9766962702593612	1.0233777122691776	0.4287266962500766
83.74791191191191	-0.9767231575069271	1.0233506589954855	0.4287380344226133
83.84701001001001	-0.9767499827822478	1.0233236683750913	0.4287493464238805
83.9461081081081	-0.976776746303271	1.0232967401911626	0.4287606323460442
84.0452062062062	-0.976803448285755	1.0232698742362683	0.4287718922803457
84.14430430430431	-0.9768300889434717	1.0232430703029767	0.42878312631718685
84.24340240240241	-0.976856668488331	1.0232163281838567	0.4287943345461833
84.3425005005005	-0.9768831871305056	1.0231896476714766	0.4288055170562165
84.4415985985986	-0.9769096450785548	1.0231630285584052	0.42881667393548617
84.5406966966967	-0.9769360425395494	1.0231364706372108	0.4288278052715628
84.6397947947948	-0.9769623797191956	1.0231099737004623	0.42883891115144007
84.73889289289289	-0.97698865682196	1.0230835375407281	0.42884999166158716
84.83799099099099	-0.9770148740511934	1.0230571619505768	0.4288610468880013
84.93708908908908	-0.9770410316092558	1.023030846722577	0.4288720769162603
85.0361871871872	-0.9770671296976404	1.0230045916492974	0.42888308183157464
85.13528528528529	-0.977093168517098	1.0229783965233061	0.42889406171884015
85.23438338338339	-0.9771191482677617	1.0229522611371724	0.4289050166626904
85.33348148148148	-0.977145069149271	1.0229261852834644	0.4289159467475491
85.43257957957958	-0.9771709313608964	1.0229001687547505	0.4289268520576825
85.53167767767768	-0.9771967351016637	1.0228742113435998	0.4289377326772519
85.63077577577577	-0.9772224805704786	1.0228483128425807	0.4289485886903659
85.72987387387387	-0.9772481679662506	1.0228224730442617	0.42895942018113303
85.82897197197197	-0.977273797488018	1.0227966917412112	0.42897022723371403
85.92807007007008	-0.9772993693349316	1.0227709687225266	0.4289810099323151
86.02716816816817	-0.9773248837050695	1.0227453037869982	0.42899176836068803
86.12626626626627	-0.9773503407946235	1.022719696746136	0.42900250260178796
86.22536436436437	-0.9773757407980054	1.0226941474115339	0.42901321273781856
86.32446246246246	-0.9774010839079571	1.0226686555947853	0.4290238988502782
86.42356056056056	-0.9774263703156604	1.0226432211074838	0.42903456102000637
86.52265865865866	-0.9774516002108464	1.0226178437612234	0.4290451993272296
86.62175675675675	-0.9774767737819056	1.0225925233675972	0.4290558138516079
86.72085485485486	-0.9775018912159968	1.0225672597381994	0.4290664046722809
86.81995295295296	-0.9775269526991579	1.022542052684623	0.429076971867914
86.91905105105106	-0.9775519584164147	1.0225169020184621	0.4290875155167446
87.01814914914915	-0.977576908551891	1.02249180755131	0.4290980356966284
87.11724724724725	-0.977601803288918	1.0224667690947606	0.4291085324850854
87.21634534534535	-0.9776266428101443	1.0224417864604074	0.42911900595934643
87.31544344344344	-0.9776514272976455	1.0224168594598442	0.4291294561963989
87.41454154154154	-0.9776761569330339	1.0223919879046643	0.4291398832730335
87.51363963963963	-0.9777008318975678	1.0223671716064615	0.42915028726589
87.61273773773775	-0.9777254523722619	1.0223424103768295	0.42916066825150384
87.71183583583584	-0.9777500185379964	1.0223177040273619	0.42917102630635184
87.81093393393394	-0.977774530575627	1.0222930523696523	0.4291813615068989
87.91003203203203	-0.9777989886660945	1.022268455215294	0.42919167392964397
88.00913013013013	-0.97782339299048	1.0222439123738978	0.4292019636511433
88.10822822822823	-0.977847743729162	1.0222194236589972	0.42921223074765597
88.20732632632632	-0.9778720410608683	1.0221949888983812	0.42922247529474405
88.30642442442442	-0.9778962851627508	1.0221706079205382	0.4292326973673041
88.40552252252252	-0.9779204762104815	1.0221462805539567	0.4292428970396074
88.50462062062063	-0.9779446143783475	1.0221220066271253	0.42925307438534027
88.60371871871872	-0.9779686998393444	1.0220977859685318	0.4292632294776433
88.70281681681682	-0.9779927327652712	1.0220736184066652	0.4292733623891513
88.80191491491492	-0.9780167133268242	1.0220495037700137	0.4292834731920329
88.90101301301301	-0.9780406416936909	1.0220254418870653	0.4292935619580303
89.00011111111111	-0.9780645180346449	1.022001432586309	0.42930362875849903
89.0992092092092	-0.9780883425176394	1.0219774756962328	0.4293136736644476
89.1983073073073	-0.9781121153099018	1.0219535710453251	0.42932369674657705
89.29740540540541	-0.9781358365780277	1.0219297184620746	0.429333698075321
89.39650350350351	-0.9781595064880753	1.0219059177749694	0.42934367772088505
89.4956016016016	-0.9781831252056592	1.021882168812498	0.4293536357532867
89.5946996996997	-0.9782066928960451	1.0218584714031487	0.42936357224239485
89.6937977977978	-0.9782302097242437	1.0218348253754101	0.42937348725796964
89.7928958958959	-0.9782536758551049	1.0218112305577702	0.42938338086970224
89.89199399399399	-0.978277091453412	1.021787686778718	0.4293932531472543
89.99109209209209	-0.9783004566839761	1.0217641938667412	0.42940310416029787
90.09019019019019	-0.9783237717117167	1.0217407516493968	0.42941293397854946
90.1892882882883	-0.9783470367011855	1.0217173599544502	0.42942274267156905
90.28838638638639	-0.978370251815568	1.0216940186236125	0.42943253030833944
90.38748448448449	-0.9783934172166405	1.0216707275004198	0.42944229695724817
90.48658258258259	-0.9784165330648587	1.0216474864284084	0.4294520426861252
90.58568068068068	-0.9784395995194398	1.0216242952511145	0.4294617675622772
90.68477877877878	-0.978462616738445	1.0216011538120748	0.42947147165252236
90.78387687687687	-0.9784855848788604	1.0215780619548254	0.4294811550232248
90.88297497497497	-0.9785085040966797	1.0215550195229024	0.429490817740329
90.98207307307308	-0.9785313745469855	1.0215320263598424	0.42950045986939434
91.08117117117118	-0.9785541963840318	1.021509082309182	0.42951008147562986
91.18026926926927	-0.9785769697613257	1.0214861872144567	0.42951968262392837
91.27936736736737	-0.9785996948317089	1.0214633409192038	0.4295292633789014
91.37846546546547	-0.9786223717474404	1.0214405432669589	0.4295388238049134
91.47756356356356	-0.9786450006602774	1.0214177941012585	0.42954836396611656
91.57666166166166	-0.9786675817215582	1.021395093265639	0.42955788392648486
91.67575975975976	-0.9786901150822837	1.0213724406036369	0.42956738374984915
91.77485785785785	-0.9787126008931989	1.0213498359587883	0.42957686349993135
91.87395595595596	-0.9787350393048755	1.0213272791746295	0.429586323240379
91.97305405405406	-0.9787574304677935	1.021304770094697	0.4295957630347998
92.07215215215216	-0.9787797745324229	1.0212823085625269	0.4296051829467963
92.17125025025025	-0.9788020716492287	1.0212598944233144	0.42961458303996736
92.27034834834835	-0.9788243219611701	1.0212375275557823	0.42962396337473574
92.36944644644645	-0.9788465255992248	1.021215207824766	0.42963332400645576
92.46854454454454	-0.9788686826969689	1.0211929350832931	0.4296426649915819
92.56764264264264	-0.9788907933918319	1.021170709184391	0.4296519863881995
92.66674074074074	-0.9789128578246435	1.021148529981087	0.4296612882558333
92.76583883883885	-0.9789348761391815	1.0211263973264086	0.42967057065525527
92.86493693693694	-0.9789568484817183	1.0211043110733835	0.4296798336482939
92.96403503503504	-0.978978775000569	1.021082271075039	0.4296890772976417
93.06313313313314	-0.9790006558456383	1.0210602771844026	0.42969830166666434
93.16223123123123	-0.979022491167968	1.0210383292545018	0.4297075068192086
93.26132932932933	-0.9790442811192842	1.0210164271383642	0.42971669281941083
93.36042742742742	-0.9790660258515447	1.020994570689017	0.4297258597315056
93.45952552552552	-0.9790877255164859	1.0209727597594878	0.4297350076196338
93.55862362362363	-0.9791093802651709	1.0209509942028039	0.42974413654765126
93.65772172172173	-0.9791309902475364	1.0209292738719933	0.42975324657893693
93.75681981981982	-0.9791525556119396	1.0209075986200828	0.4297623377762016
93.85591791791792	-0.9791740765047062	1.0208859683001004	0.429771410201296
93.95501601601602	-0.9791955530696774	1.0208643827650734	0.42978046391501934
94.05411411411411	-0.9792169854477573	1.020842841868029	0.4297894989769277
94.15321221221221	-0.97923837377646	1.0208213454619952	0.42979851544514247
94.2523103103103	-0.979259718189457	1.0207998933999989	0.4298075133761587
94.3514084084084	-0.979281018816125	1.0207784855350681	0.42981649282465334
94.45050650650651	-0.9793022757810923	1.0207571217202298	0.4298254538432941
94.54960460460461	-0.9793234892037869	1.0207358018085804	0.42983439648254734
94.6487027027027	-0.9793446591967496	1.0207145257281314	0.42984332078996856
94.7478008008008	-0.97936578586668	1.0206932934059714	0.42985222681065366
94.8468988988989	-0.9793868693251705	1.0206721047064686	0.429861114591768
94.945996996997	-0.9794079096900916	1.020650959493991	0.42986998418312944
95.04509509509509	-0.9794289070849141	1.020629857632907	0.4298788356369218
95.14419319319319	-0.9794498616380325	1.0206087989875843	0.42988766900740927
95.2432912912913	-0.9794707734820883	1.020587783422391	0.4298964843506502
95.3423893893894	-0.9794916427532929	1.0205668108016954	0.429905281724211
95.44148748748749	-0.979512469590751	1.0205458809898655	0.4299140611868804
95.54058558558559	-0.9795332541357833	1.0205249938512695	0.42992282279838323
95.63968368368369	-0.9795539965312503	1.0205041492502753	0.4299315666190944
95.73878178178178	-0.9795746969208747	1.0204833470512509	0.429940292709753
95.83787987987988	-0.9795953554485651	1.0204625871185646	0.4299490011311762
95.93697797797797	-0.9796159722577388	1.0204418693165842	0.4299576919439733
96.03607607607607	-0.979636547490645	1.020421193509678	0.42996636520825976
96.13517417417418	-0.9796570812876881	1.0204005595622143	0.429975020983371
96.23427227227228	-0.9796775737867509	1.020379967338561	0.42998365932757654
96.33337037037037	-0.9796980251225171	1.0203594167030858	0.42999228029779407
96.43246846846847	-0.9797184354257953	1.0203389075201572	0.43000088394930314
96.53156656656657	-0.9797388048228416	1.0203184396541432	0.43000947033545944
96.63066466466466	-0.9797591334346827	1.0202980129694117	0.4300180395074087
96.72976276276276	-0.9797794213764394	1.0202776273303311	0.43002659151380057
96.82886086086086	-0.9797996687566495	1.0202572826012695	0.4300351264005028
96.92795895895895	-0.9798198756765909	1.0202369786465946	0.43004364421031505
97.02705705705706	-0.9798400422302135	1.0202167153802795	0.4300521449829428
97.12615515515516	-0.9798601685111844	1.0201964927767069	0.4300606287579891
97.22525325325326	-0.9798802546193831	1.0201763107159625	0.43006909557768463
97.32435135135135	-0.9799003006604942	1.0201561690750154	0.43007754548670596
97.42344944944945	-0.979920306745393	1.020136067730835	0.43008597853191716
97.52254754754755	-0.9799402729895375	1.0201160065603905	0.4300943947621127
97.62164564564564	-0.9799601995123581	1.0200959854406506	0.4301027942277611
97.72074374374374	-0.9799800864366495	1.0200760042485848	0.4301111769807478
97.81984184184185	-0.9799999338879606	1.0200560628611623	0.4301195430741187
97.91893993993995	-0.9800197419939862	1.020036161155352	0.43012789256182316
98.01803803803804	-0.9800395108839574	1.0200162990081232	0.4301362254984574
98.11713613613614	-0.9800592406880325	1.0199964762964449	0.43014454193900786
98.21623423423424	-0.9800789315366881	1.0199766928972864	0.4301528419385942
98.31533233233233	-0.9800985835601098	1.0199569486876168	0.4301611255522126
98.41443043043043	-0.9801181968875832	1.0199372435444052	0.4301693928344792
98.51352852852852	-0.9801377716468844	1.0199175773446207	0.4301776438393731
98.61262662662662	-0.9801573079636716	1.0198979499652328	0.43018587861997987
98.71172472472473	-0.980176805960875	1.01987836128321	0.43019409722823454
98.81082282282283	-0.9801962657580886	1.019858811175522	0.430202299714665
98.90992092092092	-0.9802156874709606	1.0198392995191377	0.4302104861281353
99.00901901901902	-0.9802350712105841	1.019819826191026	0.4302186565155886
99.10811711711712	-0.9802544170828885	1.0198003910681568	0.4302268109217909
99.20721521521521	-0.9802737251880299	1.0197809940274984	0.43023494938907386
99.30631331331331	-0.9802929956197823	1.0197616349460206	0.4302430719570782
99.40541141141141	-0.9803122284651059	1.0197423137228345	0.43025117866257206
99.50450950950952	-0.9803314238086789	1.0197230303436944	0.43025926954136284
99.60360760760761	-0.980350581740357	1.0197037847098769	0.430267344631441
99.70270570570571	-0.9803697023553106	1.0196845767096985	0.43027540397303576
99.80180380380381	-0.9803887857534491	1.0196654062314758	0.4302834476083728
99.9009019019019	-0.9804078320388799	1.0196462731635252	0.43029147558144615
100.	-0.9804268413193674	1.0196271773941634	0.4302994879377901