1.001	-0.0001564718780730346	4.807034458713705	0.0001741717010352618
1.1000980980980979	-0.016737778030494387	0.1139559217475982	0.01797155258176565
1.199196196196196	-0.03496511159147589	0.11056116467145309	0.03644422874667772
1.298294294294294	-0.05430890209576613	0.12621898842356613	0.05519776082172461
1.3973923923923923	-0.07439660015595057	0.14912465158490404	0.07398235876941169
1.4964904904904903	-0.09495038073496255	0.17676446316712444	0.09262922418955877
1.5955885885885883	-0.11575545469582073	0.20811584748819467	0.11101963681392196
1.6946866866866865	-0.13664177502198008	0.24253259246059916	0.12906800817445818
1.7937847847847848	-0.15747264071556888	0.2794759671125285	0.14671186215938106
1.8928828828828828	-0.1781372103346404	0.31843649304103	0.16390558039859957
1.9919809809809808	-0.1985453645982472	0.3589136722172748	0.18061631671593162
2.091079079079079	-0.21862403546352763	0.40041654518702036	0.1968212134869338
2.190177177177177	-0.23831447405344894	0.4424719520524737	0.2125054220693806
2.2892752752752754	-0.2575701309302117	0.48463455325739907	0.22766063114895913
2.388373373373373	-0.2763549413514945	0.5264963973141332	0.24228392175151411
2.4874714714714714	-0.294641890840171	0.567694311779315	0.256376843046357
2.586569569569569	-0.3124117768865522	0.6079145172524619	0.26994463884736486
2.6856676676676674	-0.3296521190745832	0.6468952056775781	0.2829955857646906
2.7847657657657656	-0.3463561870450929	0.6844259367062578	0.29554041788848545
2.883863863863864	-0.36252212865889166	0.720345733957869	0.3075918232446023
2.982961961961962	-0.3781521879339727	0.7545394334322731	0.3191640029268379
3.08206006006006	-0.3932520054848276	0.7869328082540483	0.3302722863047395
3.181158158158158	-0.4078299973951041	0.8174877970485641	0.3409327984754887
3.2802562562562563	-0.4218968057070147	0.8461969125246954	0.35116217361297647
3.379354354354354	-0.4354648193302032	0.8730778902498861	0.36097731342457035
3.4784524524524523	-0.44854775791270723	0.8981688341040615	0.37039518421808065
3.5775505505505505	-0.4611603148131619	0.9215237551766634	0.3794326498665772
3.6766486486486483	-0.47331785353512285	0.9432086438554219	0.3881063361955922
3.7757467467467465	-0.4850361522914801	0.9632979466705703	0.39643252331070683
3.8748448448448447	-0.496331191548028	0.9818716186831307	0.40442706209411466
3.973942942942943	-0.5072189792577546	0.999012763020027	0.41210531142320855
4.073041041041041	-0.5177154090485331	1.0148057037831035	0.4194820930322081
4.172139139139139	-0.5278361464082697	1.0293344454844118	0.4265716607136857
4.271237237237237	-0.5375965399038983	1.042681348976683	0.4333876824767665
4.370335335335335	-0.5470115523282348	1.0549265591052521	0.439943231929098
4.469433433433434	-0.5560957094486448	1.0661469164787443	0.4462507880120591
4.568531531531532	-0.564863063600987	1.0764158080638226	0.4523222413506928
4.66762962962963	-0.5733271684570719	1.0858030055093288	0.4581689050087659
4.766727727727727	-0.5815010643511856	1.0943740066054093	0.4638015295594167
4.865825825825826	-0.5893972714105447	1.1021905353104062	0.4692303208143949
4.964923923923924	-0.5970277886876552	1.1093103899284356	0.47446495931030563
5.064022022022021	-0.6044040990198226	1.1157872304924827	0.4795146215227825
5.163120120120119	-0.6115371774910826	1.121671241642483	0.4843880016244138
5.262218218218218	-0.6184375030216354	1.1270089912536347	0.4890933336679674
5.361316316316316	-0.6251150723020846	1.1318432561548968	0.4936384138155445
5.460414414414414	-0.6315794147611646	1.1362142535713076	0.49803062195397163
5.559512512512512	-0.6378396107200298	1.1401584657152053	0.502276944088466
5.65861061061061	-0.6439043074573905	1.143710220292444	0.5063839924680571
5.757708708708709	-0.6497817379529015	1.1469005479705916	0.5103580263185346
5.856806806806807	-0.6554797381871036	1.1497586515800586	0.5142049709461857
5.955904904904905	-0.661005765736098	1.152310856443274	0.5179304367462363
6.055003003003003	-0.6663669168557456	1.1545819499110885	0.5215397366829424
6.1541011011011015	-0.6715699441472321	1.1565942301593686	0.5250379034040842
6.2531991991992	-0.6766212730900434	1.158368707792341	0.5284297051607162
6.352297297297296	-0.6815270185238058	1.1599242561706264	0.531719661106094
6.451395395395394	-0.6862930001510492	1.1612786729065714	0.5349120555846654
6.550493493493493	-0.6909247577351354	1.1624479304903739	0.5380109517637455
6.649591591591591	-0.6954275654052597	1.1634471028982576	0.5410202043629594
6.748689689689689	-0.6998064455040159	1.1642897119010602	0.5439434717307995
6.847787787787787	-0.7040661817546886	1.1649886180710496	0.5467842271732178
6.9468858858858855	-0.7082113316742087	1.1655551239722064	0.5495457695989105
7.045983983983984	-0.7122462378938257	1.1659999432578239	0.5522312333673599
7.145082082082082	-0.7161750406105007	1.1663332431028826	0.554843598011159
7.24418018018018	-0.7200016875289621	1.1665637248998326	0.5573856969261278
7.343278278278278	-0.7237299438294111	1.1666998457811895	0.55986022564879
7.442376376376377	-0.7273634021249801	1.1667494889946235	0.5622697495524687
7.541474474474475	-0.7309054912943477	1.1667194669764724	0.5646167113188353
7.640572572572573	-0.7343594850405055	1.1666164635960024	0.5669034377671629
7.7396706706706695	-0.7377285099972433	1.166446593356342	0.5691321461091928
7.838768768768768	-0.7410155533981533	1.1662152189281931	0.5713049502525785
7.937866866866866	-0.7442234702414396	1.1659276273762131	0.5734238663675232
8.036964964964964	-0.7473549900292079	1.1655885679048776	0.5754908180767261
8.136063063063062	-0.7504127233886317	1.165202282438183	0.5775076417435823
8.23516116116116	-0.7533991679906524	1.1647729549811778	0.5794760909944345
8.334259259259259	-0.7563167142146153	1.1643042826049563	0.5813978410620609
8.433357357357357	-0.7591676507457096	1.1637996345329433	0.5832744931653409
8.532455455455455	-0.761954169543041	1.1632623215167939	0.5851075782429288
8.631553553553553	-0.7646783706681064	1.1626952301482139	0.5868985606272498
8.730651651651652	-0.7673422669614752	1.1621010452807452	0.5886488416453727
8.82974974974975	-0.7699477881913199	1.1614823846274953	0.5903597627041232
8.928847847847848	-0.7724967851654917	1.1608415101280647	0.5920326083975579
9.027945945945945	-0.7749910336611263	1.160180566374203	0.5936686094824959
9.127044044044043	-0.7774322379156684	1.1595016197781478	0.5952689454527019
9.226142142142141	-0.7798220341328318	1.1588064502330173	0.5968347471696394
9.32524024024024	-0.7821619937700134	1.1580967730451277	0.5983670993174502
9.424338338338337	-0.7844536264931119	1.1573742157285278	0.5998670425676249
9.523436436436436	-0.7866983831695031	1.1566401848919254	0.6013355758078985
9.622534534534534	-0.7888976586212941	1.1558960525232111	0.6027736581737716
9.721632632632632	-0.7910527941421647	1.155143097687435	0.6041822108821688
9.82073073073073	-0.7931650800504444	1.1543824355929637	0.6055621191185361
9.919828828828829	-0.7952357579975704	1.153615165712122	0.6069142337221104
10.018926926926927	-0.7972660230303091	1.1528423112655692	0.6082393726619412
10.118025025025025	-0.7992570259417586	1.1520647258501597	0.6095383227962411
10.217123123123121	-0.8012098753543752	1.1512832435870017	0.6108118414092919
10.31622122122122	-0.8031256392902844	1.1504986984312893	0.6120606572850414
10.415319319319318	-0.8050053467786271	1.1497118567134517	0.613285471829756
10.514417417417416	-0.8068499899186677	1.1489233329507502	0.6144869606408708
10.613515515515514	-0.808660525672233	1.1481337230959199	0.6156657748133434
10.712613613613613	-0.8104378771140726	1.1473436231016947	0.6168225418021858
10.81171171171171	-0.8121829346660672	1.1465536059486268	0.6179578662803928
10.910809809809809	-0.8138965576708825	1.1457641278988235	0.6190723312944808
11.009907907907907	-0.8155795759756964	1.144975611164042	0.6201664994186151
11.109006006006005	-0.8172327909977156	1.1441884780866425	0.6212409134981006
11.208104104104104	-0.8188569767227839	1.1434031452017068	0.6222960973470029
11.307202202202202	-0.8204528808703268	1.1426199556719792	0.6233325565807399
11.4063003003003	-0.8220212262348698	1.141839205370548	0.6243507795892708
11.505398398398398	-0.8235627116304797	1.1410611896689715	0.6253512382005945
11.604496496496495	-0.8250780127145197	1.1402862031614331	0.6263343882529214
11.703594594594593	-0.8265677828757136	1.1395145022958217	0.6273006702213578
11.802692692692691	-0.8280326543154024	1.1387462924661356	0.6282505099945576
11.90179079079079	-0.8294732388969426	1.137981775929562	0.6291843194699922
12.000888888888888	-0.8308901288379981	1.1372211549419913	0.6301024970390857
12.099986986986986	-0.8322838974146776	1.1364646160885954	0.6310054280810498
12.199085085085084	-0.8336550998030603	1.1357123006464283	0.6318934855569243
12.298183183183182	-0.8350042738483879	1.1349643424883027	0.6327670305544709
12.39728128128128	-0.8363319406468633	1.1342208754870315	0.6336264126908825
12.496379379379379	-0.8376386051151691	1.1334820285713543	0.6344719705058942
12.595477477477477	-0.8389247566461503	1.1327478978508732	0.6353040319244498
12.694575575575575	-0.8401908697844095	1.13201856689677	0.6361229147339101
12.793673673673673	-0.8414374047303451	1.1312941193083614	0.6369289269324468
12.892771771771772	-0.8426648078129532	1.1305746375849017	0.6377223670555076
12.991869869869868	-0.843873512001275	1.1298601846790635	0.6385035245319713
13.090967967967966	-0.845063937477812	1.1291508076578187	0.639272680087365
13.190066066066064	-0.8462364920868285	1.1284465532228474	0.6400301060543597
13.289164164164163	-0.8473915717296276	1.1277474680990254	0.640776066644513
13.388262262262261	-0.8485295607040665	1.1270535922157146	0.6415108181773927
13.48736036036036	-0.8496508322108169	1.1263649450639261	0.6422346094373739
13.586458458458457	-0.8507557489656691	1.1256815425851345	0.6429476821135922
13.685556556556556	-0.8518446634578513	1.1250034007208134	0.6436502709705341
13.784654654654654	-0.8529179181711591	1.1243305354124369	0.6443426039902529
13.883752752752752	-0.853975845806285	1.1236629621729781	0.6450249025155701
13.98285085085085	-0.8550187696379942	1.1230006838297273	0.6456973815003251
14.081948948948948	-0.8560470041137229	1.1223436920229033	0.6463602499425586
14.181047047047047	-0.857060855142412	1.1216919785075243	0.6470137110770219
14.280145145145145	-0.8580606203035807	1.1210455350386077	0.6476579625153613
14.379243243243243	-0.8590465890606453	1.1204043533711714	0.6482931963902938
14.47834134134134	-0.860019042975119	1.1197684247036277	0.6489195995004597
14.577439439439438	-0.8609782559873578	1.1191377310577817	0.649537353504632
14.676537537537536	-0.861924494814046	1.1185122488086323	0.6501466351995214
14.775635635635634	-0.8628580191851862	1.1178919545133763	0.650747616680923
14.874733733733732	-0.8637790820164489	1.11727682472921	0.65134046546007
14.97383183183183	-0.8646879295810346	1.1166668360133298	0.6519253445797484
15.072929929929929	-0.8655848016831522	1.1160619643107337	0.6525024127315915
15.172028028028027	-0.866469931894592	1.1154621793398183	0.6530718244189776
15.271126126126125	-0.8673435478542514	1.114867448300774	0.6536337301647295
15.370224224224224	-0.8682058714423146	1.1142777385281457	0.6541882766291897
15.469322322322322	-0.8690571189228746	1.1136930173564787	0.6547356067062425
15.56842042042042	-0.8698975010866208	1.113113252120318	0.6552758596193998
15.667518518518518	-0.8707272233961056	1.1125384095704278	0.6558091710198741
15.766616616616616	-0.871546486184458	1.1119684526419693	0.6563356731240271
15.865714714714713	-0.8723554848678627	1.1114033434138135	0.6568554948580695
15.964812812812811	-0.8731544100775672	1.1108430440361143	0.6573687619464466
16.06391091091091	-0.873943447783938	1.1102875166590254	0.6578755969963785
16.16300900900901	-0.8747227794206858	1.1097367234327007	0.6583761195825523
16.262107107107106	-0.8754925820091568	1.1091906260111848	0.6588704463316223
16.361205205205206	-0.8762530283042441	1.1086491840590607	0.6593586910200187
16.460303303303302	-0.8770042869663783	1.1081123572045075	0.6598409646920798
16.559401401401402	-0.8777465226733301	1.107580105104937	0.6603173757360603
16.6584994994995	-0.8784798962143178	1.10705238741776	0.6607880299467863
16.7575975975976	-0.8792045645840495	1.106529163800388	0.6612530305882568
16.856695695695695	-0.879920681080643	1.1060103935578538	0.6617124784592321
16.955793793793795	-0.88062839544303	1.1054960353390428	0.6621664719880581
17.05489189189189	-0.8813278539785941	1.1049860480756089	0.6626151073191605
17.15398998998999	-0.8820191996473404	1.1044803907064267	0.6630584783692163
17.253088088088088	-0.8827025721433734	1.1039790221703716	0.6634966768819447
17.352186186186188	-0.8833781079763839	1.1034819014063186	0.6639297924829051
17.451284284284284	-0.8840459405550986	1.102988987194388	0.6643579127356151
17.550382382382384	-0.8847062002929188	1.1025002385794584	0.6647811232129984
17.64948048048048	-0.8853590147090948	1.1020156149454476	0.665199507566032
17.74857857857858	-0.8860045084986579	1.1015350756765498	0.6656131475705886
17.847676676676677	-0.886642803598861	1.1010585801569586	0.6660221231718015
17.946774774774774	-0.8872740192556141	1.1005860877681353	0.6664265125284216
18.045872872872874	-0.8878982720739862	1.1001175576192408	0.666826392045857
18.14497097097097	-0.8885156760937006	1.0996529499290653	0.667221836426994
18.24406906906907	-0.8891263429473248	1.0991922255433744	0.6676129187819476
18.343167167167167	-0.8897303819133275	1.098735345307934	0.6679997106632427
18.442265265265267	-0.8903278999498085	1.09828227006851	0.6683822820872695
18.541363363363363	-0.8909190017282292	1.0978329606708679	0.6687607015557409
18.640461461461463	-0.8915037896671436	1.0973873779607737	0.6691350360771494
18.73955955955956	-0.892082363966815	1.096945482763813	0.6695053511888723
18.83865765765766	-0.8926548226974207	1.0965072364203154	0.6698717110180803
18.937755755755756	-0.893221261931293	1.0960726018058957	0.670234178373366
19.036853853853856	-0.8937817757735202	1.0956415419961743	0.6705928147633676
19.135951951951952	-0.894336456398334	1.0952140200667715	0.6709476804207735
19.235050050050052	-0.8948853940881146	1.0947899990933077	0.6712988343282785
19.33414814814815	-0.8954286772723963	1.094369442151403	0.671646334244541
19.433246246246245	-0.8959663925668728	1.093952312316678	0.6719902367301389
19.532344344344345	-0.8964986248128459	1.0935385727332594	0.672330597173824
19.63144244244244	-0.8970254571333601	1.0931281878980177	0.6726674698301547
19.73054054054054	-0.8975469710067813	1.0927211234301235	0.6730009078691858
19.829638638638638	-0.8980632463060348	1.092317344977773	0.6733309634026479
19.928736736736738	-0.8985743613279332	1.0919168181891614	0.6736576875032894
20.027834834834835	-0.8990803928224564	1.091519508712485	0.6739811302241848
20.126932932932935	-0.8995814160220315	1.0911253821959392	0.6743013406180438
20.22603103103103	-0.9000775046708128	1.09073440428772	0.6746183667565201
20.32512912912913	-0.900568731058144	1.0903465409925706	0.6749322557524567
20.424227227227227	-0.9010551660783476	1.089961760081965	0.6752430538004122
20.523325325325327	-0.901536879275851	1.08958002986344	0.6755508062068016
20.622423423423424	-0.902013938870373	1.0892013186445615	0.6758555574064685
20.721521521521524	-0.9024864117819835	1.0888255947328966	0.6761573509792361
20.82061961961962	-0.9029543636561651	1.0884528264360118	0.6764562296664599
20.919717717717717	-0.9034178588888732	1.0880829820614737	0.6767522353875803
21.018815815815817	-0.9038769606516431	1.087716029925718	0.6770454092567084
21.117913913913913	-0.9043317309234744	1.0873519392099602	0.6773357916039994
21.217012012012013	-0.9047822305350425	1.0869906806720617	0.6776234220053434
21.31611011011011	-0.9052285191948253	1.0866322252373701	0.6779083392994028
21.41520820820821	-0.9056706555107258	1.0862765438312334	0.6781905816019357
21.514306306306306	-0.9061086970120015	1.0859236073789993	0.6784701863203669
21.613404404404406	-0.906542700171192	1.0855733868060153	0.6787471901683585
21.712502502502502	-0.9069727204260479	1.0852258530376293	0.6790216291803801
21.811600600600602	-0.9073988122012957	1.084880977086825	0.6792935387261504
21.9106986986987	-0.9078210289317241	1.084538731303537	0.6795629535257105
22.0097967967968	-0.9082394230963655	1.084199089079037	0.6798299076723026
22.108894894894895	-0.9086540462423792	1.0838620238320107	0.6800944346484075
22.207992992992992	-0.9090649490013315	1.083527508981143	0.680356567336404
22.307091091091092	-0.9094721811053429	1.0831955179451194	0.6806163380291325
22.40618918918919	-0.9098757914032343	1.0828660241426253	0.680873778440456
22.505287287287288	-0.9102758278766736	1.0825390009923461	0.6811289197158236
22.604385385385385	-0.9106723376577092	1.0822144222059498	0.6813817924438315
22.703483483483485	-0.9110653670571156	1.0818922630326646	0.681632426675397
22.80258158158158	-0.9114549615871894	1.0815724992216067	0.6818808519387975
22.90167967967968	-0.9118411659759214	1.0812551065220728	0.6821270972489153
23.000777777777778	-0.9122240241814572	1.0809400606833606	0.6823711911167764
23.099875875875878	-0.9126035794065602	1.0806273374547672	0.6826131615590922
23.198973973973974	-0.9129798741130725	1.0803169125855905	0.6828530361077996
23.298072072072074	-0.9133529500363765	1.0800087618287448	0.6830908418196011
23.39717017017017	-0.9137228482004414	1.0797028615741262	0.6833266052858721
23.49626826826827	-0.914089608938148	1.079399189553493	0.6835603526461174
23.595366366366367	-0.9144532719092489	1.079097723666655	0.6837921095999233
23.694464464464463	-0.9148138761123973	1.0787984418134224	0.6840219014148605
23.793562562562563	-0.9151714598967525	1.0785013218936048	0.6842497529340942
23.89266066066066	-0.915526060973586	1.0782063418070125	0.6844756885839938
23.99175875875876	-0.9158777164278872	1.0779134794534553	0.6846997323817426
24.090856856856856	-0.9162264627296614	1.0776227127628297	0.6849219079427383
24.189954954954956	-0.9165723357416393	1.0773340205718631	0.6851422384855532
24.289053053053053	-0.9169153707437817	1.077047382750932	0.6853607468483839
24.388151151151153	-0.9172556024541343	1.0767627792258856	0.6855774555030081
24.48724924924925	-0.9175930650355267	1.0764801899225735	0.6857923865590786
24.58634734734735	-0.9179277921017618	1.0761995947668452	0.6860055617680691
24.685445445445446	-0.9182598167238044	1.07592097368455	0.6862170025272206
24.784543543543545	-0.9185891714359715	1.0756443066015373	0.6864267298834873
24.883641641641642	-0.9189158882422572	1.0753695734592539	0.6866347645375759
24.98273973973974	-0.9192399986331455	1.0750967549462846	0.686841126855159
25.08183783783784	-0.9195615336105105	1.0748258327977722	0.6870458368836686
25.180935935935935	-0.9198805236911765	1.0745567888256007	0.687248914354505
25.280034034034035	-0.9201969989142353	1.0742896048416541	0.6874503786877808
25.37913213213213	-0.9205109888492226	1.0740242626578167	0.6876502489976501
25.47823023023023	-0.9208225226042906	1.0737607440859722	0.6878485440976372
25.577328328328328	-0.9211316288343848	1.073499030938005	0.6880452825059651
25.676426426426428	-0.9214383357494387	1.0732391050285432	0.6882404824508989
25.775524524524524	-0.9217426711283466	1.0729809486774025	0.688434161880023
25.874622622622624	-0.9220446623309575	1.072724545264169	0.6886263384682815
25.97372072072072	-0.9223443362905513	1.0724698782988782	0.6888170296127565
26.07281881881882	-0.922641719522709	1.072216931291566	0.6890062524384909
26.171916916916917	-0.9229368381368511	1.0719656877522676	0.6891940238061158
26.271015015015017	-0.9232297178477777	1.0717161311910193	0.6893803603194797
26.370113113113113	-0.9235203839872077	1.071468245117856	0.689565278333276
26.46921121121121	-0.9238088615153183	1.0712220130428243	0.6897487939606717
26.56830930930931	-0.9240951750298678	1.0709774187887031	0.6899309230793093
26.667407407407406	-0.9243793487602284	1.070734447194135	0.6901116813271905
26.766505505505506	-0.9246614065669244	1.07049308329734	0.6902910841023013
26.865603603603603	-0.9249413719510466	1.0702533121365387	0.6904691465688246
26.964701701701703	-0.9252192680638559	1.0700151187499511	0.6906458836634733
27.0637997997998	-0.9254951177163874	1.0697784881757981	0.6908213101018227
27.1628978978979	-0.9257689433890546	1.0695434054522994	0.6909954403846424
27.261995995995996	-0.9260407672412535	1.0693098556176759	0.6911682888042305
27.361094094094096	-0.9263106111197553	1.0690778238844754	0.691339869449934
27.460192192192192	-0.9265784965553042	1.0688472963753763	0.6915101962057969
27.559290290290292	-0.926844444760782	1.0686182595014144	0.6916792827492726
27.65838838838839	-0.9271084766388816	1.0683906996734494	0.6918471425562777
27.75748648648649	-0.9273706127899303	1.068164603302341	0.6920137889063396
27.856584584584585	-0.9276308735197089	1.067939956798949	0.6921792348877422
27.95568268268268	-0.9278892788472721	1.0677167465741326	0.692343493402672
28.05478078078078	-0.928145848512768	1.0674949590387521	0.6925065771723631
28.153878878878878	-0.9284006019847895	1.067274580691609	0.6926684987419311
28.252976976976978	-0.9286535584598513	1.0670555987915924	0.6928292704799557
28.352075075075074	-0.9289047368597683	1.0668380009785585	0.6929889045766848
28.451173173173174	-0.929154155837586	1.0666217748946625	0.6931474130479339
28.55027127127127	-0.9294018337839937	1.066406908182059	0.6933048077392954
28.64936936936937	-0.9296477888337198	1.0661933884829038	0.6934611003303395
28.748467467467467	-0.9298920388719297	1.0659812034393512	0.6936163023388143
28.847565565565567	-0.930134601540621	1.0657703406935564	0.6937704251248458
28.946663663663664	-0.9303754942448661	1.065560787926381	0.6939234798950346
29.045761761761764	-0.9306147341541484	1.0653525334149168	0.6940754777032909
29.14485985985986	-0.9308523381997685	1.0651455658949234	0.694226429449072
29.243957957957956	-0.9310883230792729	1.0649398741131324	0.6943763458802844
29.343056056056056	-0.9313227052617381	1.0647354468162755	0.694525237596748
29.442154154154153	-0.9315555009930203	1.0645322727510842	0.6946731150536353
29.541252252252253	-0.931786726301004	1.06433034066429	0.6948199885649106
29.64035035035035	-0.9320163970008513	1.0641296393026247	0.69496586830677
29.73944844844845	-0.9322445287004628	1.0639301573771838	0.6951107643212218
29.838546546546546	-0.9324711368120032	1.0637318836624001	0.6952546865237176
29.937644644644646	-0.9326962365470257	1.063534807937262	0.6953976446998735
30.036742742742742	-0.9329198429038962	1.0633389201479715	0.6955396484970465
30.135840840840842	-0.9331419706728007	1.0631442102407311	0.6956807074276228
30.23493893893894	-0.9333626344418581	1.0629506681617427	0.6958208308730427
30.33403703703704	-0.933581848603232	1.0627582838572083	0.6959600280878255
30.433135135135135	-0.9337996273592434	1.0625670472733304	0.6960983082035944
30.532233233233235	-0.9340159847284834	1.0623769483563108	0.6962356802331013
30.63133133133133	-0.9342309345519249	1.062187977052352	0.6963721530742519
30.730429429429428	-0.9344444904990356	1.0620001233076555	0.6965077355141303
30.829527527527528	-0.9346566660738902	1.061813377068424	0.6966424362330238
30.928625625625624	-0.9348674746189177	1.0616277283343658	0.6967762638068892
31.027723723723724	-0.9350769292756721	1.0614431678205356	0.6969092266814507
31.12682182182182	-0.9352850429973021	1.061259686700065	0.6970413331802683
31.22591991991992	-0.9354918285940219	1.0610772761479939	0.6971725915346515
31.325018018018017	-0.9356972987319365	1.060895927339362	0.6973030098828857
31.424116116116117	-0.9359014659299856	1.0607156314492092	0.6974325962682201
31.523214214214214	-0.936104342556888	1.060536379652575	0.6975613586368539
31.622312312312314	-0.9363059408280858	1.0603581631244998	0.6976893048359246
31.72141041041041	-0.9365062728026881	1.060180973040023	0.6978164426114947
31.82050850850851	-0.9367053503804155	1.0600048005741842	0.6979427796065387
31.919606606606607	-0.9369031852985441	1.0598296369020235	0.6980683233589313
32.0187047047047	-0.9370997891288498	1.0596554731985808	0.6981930812994336
32.1178028028028	-0.937295173274147	1.0594823007327072	0.6983170607494151
32.216900900900896	-0.9374893489752143	1.0593101114774257	0.6984402689253743
32.315998998999	-0.9376823273551959	1.0591388976698546	0.6985627129680213
32.415097097097096	-0.9378741194320342	1.0589686515425294	0.6986843999504162
32.51419519519519	-0.9380647361130889	1.0587993653279861	0.6988053368744314
32.61329329329329	-0.9382541881895746	1.058631031258761	0.6989255306670947
32.71239139139139	-0.9384424863309978	1.0584636415673896	0.6990449881769328
32.81148948948949	-0.9386296410795943	1.0582971884864083	0.6991637161703135
32.910587587587585	-0.9388156628447669	1.0581316642483527	0.6992817213277899
33.00968568568568	-0.9390005618975221	1.0579670610857592	0.6993990102404426
33.10878378378378	-0.9391843483649079	1.0578033712311634	0.6995155894062235
33.20788188188188	-0.9393670322244511	1.0576405869171013	0.6996314652262984
33.30697997997998	-0.939548623302572	1.0574787005110957	0.6997466440040094
33.406078078078075	-0.9397291313130174	1.0573177050176867	0.6998611319701136
33.50517617617617	-0.9399085658822636	1.0571575935836681	0.6999749352993365
33.60427427427427	-0.9400869365433522	1.0569983593533354	0.7000880601062834
33.70337237237237	-0.9402642527323789	1.0568399954709844	0.700200512443139
33.80247047047047	-0.9404405237850229	1.056682495080911	0.7003122982973945
33.901568568568564	-0.940615758933076	1.056525851327411	0.7004234235895745
34.00066666666666	-0.9407899673009729	1.0563700573547798	0.7005338941709642
34.099764764764764	-0.940963157902319	1.0562151063073137	0.7006437158213352
34.19886286286286	-0.9411353396364207	1.0560609913293082	0.7007528942466734
34.29796096096096	-0.9413065212848146	1.055907705565059	0.7008614350769055
34.39705905905905	-0.9414767115077963	1.055755242158862	0.7009693438636253
34.49615715715716	-0.9416459188445698	1.0556035944292252	0.7010766260801905
34.59525525525525	-0.9418141517402318	1.0554527562341753	0.7011832871393527
34.69435335335335	-0.9419814185628947	1.0553027215036201	0.7012893324044104
34.793451451451446	-0.9421477276009903	1.0551534841671726	0.7013947671874334
34.89254954954954	-0.9423130870604799	1.0550050381544456	0.7014995967474379
34.991647647647646	-0.9424775050620671	1.0548573773950523	0.7016038262885611
35.09074574574574	-0.9426409896384081	1.0547104958186058	0.7017074609582359
35.18984384384384	-0.9428035487313245	1.054564387354719	0.701810505845366
35.288941941941935	-0.9429651901890143	1.054419045933005	0.7019129659785008
35.38804004004004	-0.9431259217632634	1.0542744654830765	0.7020148463240101
35.487138138138135	-0.9432857511066576	1.054130639934547	0.7021161517842586
35.58623623623623	-0.9434446857697949	1.0539875632174132	0.7022168871957816
35.68533433433433	-0.9436027332033701	1.0538452294754461	0.7023170573306485
35.78443243243243	-0.9437599007823647	1.0537036332841059	0.7024166669122536
35.88353053053053	-0.9439161958155274	1.0535627692525862	0.7025157206214652
35.982628628628625	-0.9440716255429404	1.053422631990081	0.7026142230950294
36.08172672672672	-0.9442261971338759	1.0532832161057841	0.7027121789241689
36.180824824824825	-0.9443799176846523	1.0531445162088895	0.7028095926531814
36.27992292292292	-0.9445327942164907	1.053006526908591	0.7029064687780391
36.37902102102102	-0.9446848336733707	1.052869242814083	0.703002811744987
36.478119119119114	-0.944836042919887	1.0527326585345587	0.7030986259491423
36.57721721721721	-0.9449864287391055	1.0525967686792121	0.7031939157330929
36.676315315315314	-0.9451359978304198	1.0524615678572375	0.7032886853854964
36.77541341341341	-0.9452847568074216	1.052327050681009	0.703382939139689
36.87451151151151	-0.9454327122010521	1.0521932120003263	0.7034766811757414
36.9736096096096	-0.9455798704791821	1.0520600469993846	0.7035699156332169
37.07270770770771	-0.9457262380526316	1.051927550878703	0.7036626466150674
37.1718058058058	-0.9458718212733428	1.0517957188388005	0.7037548781864377
37.2709039039039	-0.9460166264326249	1.0516645460801972	0.70384661437352
37.370002002001996	-0.9461606597593976	1.0515340278034122	0.703937859162408
37.4691001001001	-0.9463039274184357	1.0514041592089647	0.7040286164979507
37.568198198198196	-0.9464464355086132	1.0512749354973743	0.7041188902826059
37.66729629629629	-0.9465881900611471	1.0511463518691604	0.7042086843752949
37.76639439439439	-0.946729197037842	1.0510184035248422	0.704298002590256
37.865492492492486	-0.9468694623293339	1.0508910856649392	0.7043868486958984
37.96459059059059	-0.9470089917533621	1.0507643934946072	0.7044752264136747
38.063688688688686	-0.9471477910584406	1.0506383224472564	0.7045631394204723
38.16278678678678	-0.9472858659402902	1.0505128682308358	0.7046505913593046
38.26188488488488	-0.9474232220450957	1.0503880265620662	0.7047375858414119
38.36098298298298	-0.947559864967987	1.0502637931576684	0.7048241264452695
38.46008108108108	-0.9476958002517137	1.0501401637343633	0.7049102167157236
38.559179179179175	-0.9478310333853182	1.050017134008872	0.7049958601631258
38.65827727727727	-0.9479655698028101	1.0498946996979155	0.7050810602624691
38.757375375375375	-0.9480994148818405	1.0497728565182143	0.7051658204525226
38.85647347347347	-0.9482325739423753	1.04965160018649	0.7052501441349678
38.95557157157157	-0.9483650522453698	1.0495309264194628	0.7053340346735328
39.054669669669664	-0.9484968549914427	1.0494108309338541	0.7054174953931288
39.15376776776776	-0.9486279873195821	1.0492913094522627	0.7055005295790058
39.252865865865864	-0.9487584543102897	1.0491723579092005	0.7055831404787982
39.35196396396396	-0.9488882609983949	1.0490539724656536	0.7056653313108514
39.45106206206206	-0.9490174123757399	1.0489361492882443	0.7057471052659535
39.550160160160154	-0.9491459133900267	1.0488188845435944	0.7058284655065832
39.64925825825826	-0.9492737689437403	1.0487021743983256	0.7059094151662083
39.748356356356354	-0.9494009838930723	1.0485860150190596	0.7059899573485852
39.84745445445445	-0.9495275630468449	1.0484704025724185	0.7060700951270568
39.946552552552546	-0.9496535111654351	1.048355333225024	0.7061498315438521
40.04565065065065	-0.9497788329596968	1.048240803143498	0.7062291696093852
40.144748748748746	-0.9499035330898864	1.0481268084944622	0.7063081123015529
40.24384684684684	-0.9500276161645851	1.0480133454445388	0.706386662565035
40.34294494494494	-0.9501510867396668	1.0479004101674803	0.7064648233106205
40.44204304304304	-0.9502739493213407	1.0477879990335168	0.7065425974171862
40.54114114114114	-0.9503962083765982	1.0476761085993003	0.7066199877384757
40.640239239239236	-0.9505178683349842	1.047564735424876	0.7066969971042402
40.73933733733733	-0.9506389335876716	1.0474538760702896	0.7067736283196351
40.83843543543543	-0.9507594084865991	1.0473435270955866	0.7068498841646593
40.93753353353353	-0.9508792973436092	1.0472336850608126	0.7069257673935936
41.03663163163163	-0.9509986044295866	1.0471243465260127	0.7070012807344402
41.135729729729725	-0.9511173339735957	1.0470155080512327	0.7070764268883618
41.23482782782782	-0.9512354901620194	1.0469071661965181	0.7071512085291202
41.333925925925925	-0.9513530771376966	1.0467993175219144	0.7072256283025158
41.43302402402402	-0.9514700989990602	1.0466919585874668	0.7072996888258263
41.53212212212212	-0.9515865597993288	1.046585085961565	0.7073733926872804
41.631220220220214	-0.9517024635493432	1.0464786963941923	0.7074467424478995
41.73031831831832	-0.951817814226	1.0463727867885184	0.7075197406469651
41.829416416416414	-0.9519326157734537	1.0462673540496203	0.7075923898027906
41.92851451451451	-0.95204687210238	1.0461623950825756	0.7076646924122417
42.02761261261261	-0.9521605870892826	1.0460579067924618	0.7077366509502864
42.126710710710704	-0.9522737645758015	1.045953886084356	0.7078082678695441
42.22580880880881	-0.9523864083680196	1.0458503298633357	0.7078795455998361
42.324906906906904	-0.9524985222357711	1.0457472350344783	0.7079504865477348
42.424005005005	-0.9526101099119487	1.045644598502861	0.7080210930961136
42.5231031031031	-0.9527211750918111	1.0455424171735614	0.7080913676036963
42.6222012012012	-0.9528317214322902	1.045440687951657	0.7081613124046077
42.7212992992993	-0.9529417525513605	1.0453394077517355	0.7082309298079618
42.82039739739739	-0.9530512720306501	1.0452385736558534	0.7083002220995565
42.91949549549549	-0.9531602834222574	1.0451381828716224	0.7083691915462874
43.01859359359359	-0.9532687902495739	1.0450382326075853	0.708437840396675
43.11769169169169	-0.9533767960066925	1.0449387200722846	0.7085061708804801
43.216789789789786	-0.9534843041578465	1.0448396424742632	0.7085741852083398
43.31588788788788	-0.9535913181368477	1.0447409970220634	0.7086418855714022
43.41498598598598	-0.9536978413465257	1.0446427809242278	0.7087092741409614
43.51408408408408	-0.9538038771581652	1.0445449913892992	0.7087763530680933
43.61318218218218	-0.9539094289109453	1.0444476256258204	0.7088431244832901
43.712280280280275	-0.954014499911378	1.0443506808423337	0.7089095904960961
43.81137837837837	-0.9541190934327463	1.0442541542473818	0.7089757531947425
43.910476476476475	-0.9542232127140232	1.0441580430224382	0.7090416146454466
44.00957457457457	-0.9543268609501099	1.0440623443344457	0.709107176886095
44.10867267267267	-0.9544300413017864	1.043967055683013	0.7091724419326841
44.207770770770765	-0.9545327569112225	1.0438721746101307	0.7092374117893534
44.30686886886887	-0.954635010901559	1.04377769865779	0.7093020884481135
44.405966966966965	-0.9547368063758381	1.043683625367981	0.7093664738881532
44.50506506506506	-0.954838146415935	1.0435899522826948	0.7094305700751464
44.60416316316316	-0.9549390340814885	1.043496676943922	0.7094943789605588
44.703261261261254	-0.955039472408832	1.0434037968936534	0.709557902480955
44.80235935935936	-0.9551394644099245	1.0433113096738793	0.7096211425573051
44.901457457457454	-0.9552390130712815	1.043219212826591	0.7096841010942925
45.00055555555555	-0.955338121352906	1.0431275038937788	0.7097467799796194
45.09965365365365	-0.9554367921872193	1.0430361804174335	0.7098091810833153
45.19875175175175	-0.9555350284779925	1.042945239939546	0.7098713062570425
45.29784984984985	-0.9556328330992764	1.0428546800021066	0.7099331573334041
45.39694794794794	-0.9557302088943335	1.0427644981471065	0.7099947361252504
45.49604604604604	-0.9558271586745682	1.042674691916536	0.7100560444249856
45.59514414414414	-0.9559236852184586	1.0425852588523858	0.7101170840038755
45.69424224224224	-0.9560197912704861	1.0424961964966468	0.7101778566113536
45.793340340340336	-0.9561154795411713	1.0424075024503636	0.7102383639750445
45.89243843843843	-0.9562107527208774	1.0423191745979419	0.7102986078097137
45.991536536536536	-0.9563056134872692	1.0422312108367267	0.7103585898220798
46.09063463463463	-0.9564000645014851	1.0421436090579004	0.710418311708324
46.18973273273273	-0.9564941084074282	1.0420563671526462	0.7104777751536305
46.288830830830825	-0.9565877478311273	1.0419694830121466	0.7105369818317732
46.38792892892892	-0.9566809853800992	1.0418829545275847	0.7105959334047021
46.487027027027025	-0.9567738236427094	1.0417967795901433	0.7106546315221312
46.58612512512512	-0.9568662651875347	1.0417109560910054	0.7107130778211241
46.68522322322322	-0.9569583125627247	1.0416254819213535	0.7107712739256817
46.784321321321315	-0.957049968295363	1.0415403549723707	0.7108292214463289
46.88341941941942	-0.9571412348908295	1.04145557313524	0.7108869219797006
46.982517517517515	-0.9572321148321614	1.0413711343011438	0.7109443771081297
47.08161561561561	-0.9573226105794156	1.0412870363612652	0.7110015883992332
47.18071371371371	-0.9574127245690298	1.0412032772067872	0.7110585574054994
47.27981181181181	-0.9575024592131846	1.0411198547288925	0.711115285663874
47.37890990990991	-0.9575918168991645	1.041036766818764	0.7111717746953482
47.478008008008004	-0.9576807999887208	1.0409540113675844	0.711228026004544
47.5771061061061	-0.9577694108174318	1.0408715862665365	0.7112840410793024
47.6762042042042	-0.9578576516954678	1.0407894894927412	0.7113398213911764
47.7753023023023	-0.9579455249173169	1.0407077192396856	0.7113953684017194
47.8744004004004	-0.95803303276459	1.0406262736889418	0.7114506835642905
47.97349849849849	-0.9581201775044567	1.0405451510213457	0.7115057683230409
48.07259659659659	-0.9582069613892132	1.0404643494177337	0.711560624112634
48.17169469469469	-0.9582933866558532	1.0403838670589416	0.711615252357968
48.27079279279279	-0.958379455525637	1.0403037021258055	0.7116696544738969
48.369890890890886	-0.9584651702036624	1.0402238527991619	0.7117238318649526
48.46898898898898	-0.9585505328784351	1.0401443172598464	0.711777785925067
48.568087087087086	-0.9586355457214378	1.0400650936886953	0.7118315180372934
48.66718518518518	-0.9587202108867016	1.0399861802665447	0.7118850295735282
48.76628328328328	-0.9588045305103751	1.0399075751742308	0.7119383218942331
48.865381381381376	-0.9588885067102955	1.0398292765925896	0.7119913963481569
48.96447947947947	-0.9589721415855579	1.0397512827024573	0.7120442542720568
49.063577577577576	-0.9590554372160861	1.03967359168467	0.7120968969904204
49.16267567567567	-0.9591383956622025	1.0395962017200635	0.7121493258151883
49.26177377377377	-0.9592210189641983	1.0395191109894744	0.7122015420454745
49.360871871871865	-0.9593033091419034	1.0394423176737384	0.712253546967289
49.45996996996997	-0.9593852681942577	1.0393658199541158	0.7123053418532601
49.559068068068065	-0.959466898100376	1.0392896161241567	0.7123569279633238
49.65816616616616	-0.9595482008262116	1.0392137046198555	0.7124083065490302
49.75726426426426	-0.959629178326293	1.0391380838640032	0.7124594788546554
49.85636236236236	-0.959709832543141	1.0390627522793905	0.7125104461168238
49.95546046046046	-0.9597901654069121	1.038987708288808	0.7125612095642764
50.054558558558554	-0.9598701788350403	1.0389129503150465	0.7126117704176407
50.15365665665665	-0.9599498747318802	1.038838476780897	0.7126621298891989
50.252754754754754	-0.9600292549883493	1.03876428610915	0.7127122891826573
50.35185285285285	-0.9601083214815708	1.0386903767225963	0.7127622494929151
50.45095095095095	-0.9601870760745156	1.038616747044027	0.7128120120058334
50.55004904904904	-0.9602655206156457	1.0385433954962324	0.7128615778980042
50.64914714714714	-0.9603436569385562	1.0384703205020038	0.7129109483365189
50.74824524524524	-0.960421486861618	1.0383975204841316	0.7129601244787384
50.84734334334334	-0.9604990121876203	1.0383249938654064	0.7130091074720606
50.946441441441436	-0.9605762347034136	1.0382527390686196	0.7130578984536906
51.04553953953953	-0.9606531561795514	1.0381807545165613	0.7131064985504091
51.144637637637636	-0.9607297783699338	1.0381090386320226	0.7131549088783412
51.24373573573573	-0.9608061030114492	1.0380375898377945	0.7132031305427257
51.34283383383383	-0.9608821318236369	1.0379664065608623	0.7132511646376968
51.441931931931926	-0.9609578665107668	1.0378954873530228	0.7132990122476273
51.54103003003003	-0.9610333087673734	1.0378248308498528	0.7133466744506989
51.640128128128126	-0.9611084602780654	1.037754435677709	0.7133941523187729
51.73922622622622	-0.9611833227170828	1.03768430046295	0.713441446917104
51.83832432432432	-0.9612578977480424	1.037614423831932	0.7134885593041753
51.937422422422415	-0.9613321870236828	1.0375448044110134	0.7135354905315346
52.03652052052052	-0.9614061921856101	1.0374754408265514	0.7135822416436295
52.135618618618615	-0.961479914864043	1.0374063317049034	0.713628813677643
52.23471671671671	-0.9615533566775585	1.0373374756724267	0.713675207663329
52.33381481481481	-0.9616265192328366	1.0372688713554792	0.713721424622848
52.43291291291291	-0.9616994041244062	1.0372005173804182	0.7137674655706028
52.53201101101101	-0.9617720129343904	1.0371324123736012	0.7138133315130731
52.631109109109104	-0.9618443472322514	1.0370645549613855	0.7138590234486526
52.7302072072072	-0.9619164085745365	1.0369969437701287	0.7139045423674831
52.829305305305304	-0.9619881985046229	1.0369295774261882	0.7139498892512912
52.9284034034034	-0.9620597185524631	1.0368624545559217	0.7139950650732227
53.0275015015015	-0.9621309702343306	1.0367955737856864	0.7140400707976792
53.126599599599594	-0.9622019550525649	1.0367289337418402	0.714084907380153
53.22569769769769	-0.9622726744953806	1.0366625330617363	0.714129575767104
53.324795795795794	-0.962343130039	1.036596370505703	0.7141740768973356
53.42389389389389	-0.9624133231512388	1.0365304448770192	0.7142184117043036
53.52299199199199	-0.9624832552913497	1.0364647549739203	0.7142625811160119
53.62209009009008	-0.9625529279097758	1.0363992995946414	0.7143065860548538
53.72118818818819	-0.9626223424479481	1.0363340775374177	0.7143504274374803
53.82028628628628	-0.9626915003380822	1.036269087600484	0.7143941061746704
53.91938438438438	-0.9627604030029752	1.0362043285820761	0.7144376231711984
54.018482482482476	-0.962829051855803	1.0361397992804289	0.7144809793257045
54.11758058058058	-0.9628974482999172	1.0360754984937774	0.7145241755305629
54.216678678678676	-0.9629655937286419	1.0360114250203571	0.7145672126717512
54.31577677677677	-0.9630334895250706	1.0359475776584028	0.7146100916287189
54.41487487487487	-0.9631011370618636	1.03588395520615	0.7146528132742571
54.51397297297297	-0.9631685377010446	1.035820556461834	0.7146953784743671
54.61307107107107	-0.963235692793798	1.0357573802236895	0.7147377880881294
54.712169169169165	-0.9633026036802653	1.0356944252899518	0.7147800429675727
54.81126726726726	-0.963369271689343	1.0356316904588563	0.7148221439575432
54.91036536536536	-0.9634356981384787	1.0355691745286382	0.7148640918955733
55.00946346346346	-0.9635018843334686	1.0355068762975324	0.7149058876117507
55.10856156156156	-0.9635678315679366	1.0354447945668828	0.7149475319283835
55.207659659659654	-0.9636335411213233	1.0353829282189195	0.7149890256587098
55.30675775775775	-0.9636990142643725	1.0353212762080317	0.7150303696104263
55.405855855855854	-0.9637642522623246	1.0352598374906312	0.7150715645877386
55.50495395395395	-0.9638292563746458	1.0351986110231293	0.7151126113911875
55.60405205205205	-0.9638940278547136	1.035137595761938	0.7151535108174467
55.703150150150144	-0.963958567949504	1.0350767906634688	0.7151942636591206
55.80224824824825	-0.9640228778992765	1.0350161946841334	0.7152348707045423
55.901346346346344	-0.9640869589372608	1.0349558067803433	0.7152753327375706
56.00044444444444	-0.9641508122893422	1.0348956259085105	0.7153156505373891
56.09954254254254	-0.9642144391737482	1.0348356510250463	0.715355824878303
56.19864064064063	-0.964277840800734	1.0347758810863625	0.7153958565295372
56.29773873873874	-0.9643410183722689	1.0347163150488707	0.7154357462550344
56.39683683683683	-0.9644039730817223	1.0346569518689828	0.7154754948132523
56.49593493493493	-0.9644667061135496	1.03459779050311	0.7155151029569623
56.595033033033026	-0.964529218642978	1.0345388299076645	0.7155545714330461
56.69413113113113	-0.964591511835693	1.0344800690390576	0.7155939009822948
56.793229229229226	-0.9646535868475241	1.034421506853701	0.7156330923392057
56.89232732732732	-0.964715444824131	1.0343631423080064	0.7156721462317807
56.99142542542542	-0.9647770869006891	1.0343049743583856	0.7157110633813237
57.09052352352352	-0.9648385142015764	1.03424700196125	0.7157498445022391
57.18962162162162	-0.964899727840059	1.0341892240730113	0.7157884903018286
57.288719719719715	-0.9649607289179769	1.0341316396500813	0.7158270014800897
57.38781781781781	-0.9650215185271442	1.0340742477137028	0.715865378730617
57.48691591591591	-0.9650820977567951	1.0340170473867016	0.715903622745393
57.58601401401401	-0.9651424676918918	1.033960037772176	0.715941734213697
57.68511211211211	-0.9652026294116199	1.0339032179732037	0.7159797138211346
57.784210210210205	-0.9652625839892609	1.0338465870928613	0.7160175622495561
57.8833083083083	-0.9653223324920652	1.0337901442342257	0.7160552801769753
57.982406406406405	-0.9653818759811261	1.0337338885003744	0.7160928682774871
58.0815045045045	-0.965441215511252	1.033677818994384	0.7161303272211862
58.1806026026026	-0.9655003521308401	1.033621934819332	0.7161676576740856
58.279700700700694	-0.9655592868817496	1.0335662350782953	0.716204860298035
58.3787987987988	-0.9656180207991749	1.0335107188743506	0.7162419357506382
58.477896896896894	-0.9656765549115182	1.0334553853105752	0.7162788846851728
58.57699499499499	-0.9657348902402633	1.0334002334900463	0.7163157077505075
58.67609309309309	-0.9657930277998487	1.0333452625158406	0.7163524055910208
58.77519119119119	-0.9658509685975403	1.0332904714910354	0.7163889788465194
58.87428928928929	-0.9659087136333051	1.0332358595187077	0.7164254281521565
58.97338738738738	-0.9659662638996841	1.0331814257019343	0.7164617541383499
59.07248548548548	-0.9660236203816657	1.0331271691437927	0.7164979574307005
59.171583583583576	-0.9660807840565583	1.0330730889473594	0.716534038649911
59.27068168168168	-0.9661377558938643	1.033019184215712	0.7165699984117034
59.369779779779776	-0.9661945368551523	1.032965454051927	0.716605837326738
59.46887787787787	-0.9662511278939314	1.0329118975590819	0.7166415560005316
59.56797597597597	-0.9663075299555299	1.0328585138431592	0.7166771550333798
59.66707407407407	-0.966363743977917	1.0328053020934742	0.716712635020885
59.76617217217217	-0.9664197708942313	1.0327522615437366	0.7167479965555804
59.865270270270265	-0.9664756116330337	1.032699391418288	0.7167832402270925
59.96436836836836	-0.9665312671181403	1.0326466909414704	0.7168183666220331
60.063466466466465	-0.9665867382685103	1.032594159337626	0.7168533763239278
60.16256456456456	-0.9666420259981333	1.0325417958310967	0.7168882699131423
60.26166266266266	-0.9666971312159183	1.0324895996462244	0.7169230479668119
60.360760760760755	-0.9667520548255805	1.0324375700073511	0.7169577110587683
60.45985885885885	-0.9668067977255296	1.032385706138819	0.7169922597594673
60.558956956956955	-0.9668613608087577	1.0323340072649698	0.7170266946359174
60.65805505505505	-0.9669157449627274	1.0322824726101454	0.7170610162516065
60.75715315315315	-0.9669699510692589	1.032231101398688	0.7170952251664305
60.856251251251244	-0.9670239800044187	1.0321798928549397	0.7171293219366209
60.95534934934935	-0.967077832638407	1.032128846203242	0.7171633071146725
61.054447447447444	-0.9671315098354456	1.0320779606679373	0.7171971812492708
61.15354554554554	-0.9671850124536662	1.0320272354733675	0.7172309448852208
61.25264364364364	-0.9672383413449975	1.0319766698438746	0.7172645985633734
61.35174174174174	-0.9672914973550539	1.0319262630038002	0.7172981428205548
61.45083983983984	-0.9673444813230229	1.0318760141774868	0.7173315781894927
61.54993793793793	-0.9673972940815525	1.031825922589276	0.7173649051987452
61.64903603603603	-0.9674499364566406	1.0317759874635102	0.717398124372628
61.748134134134126	-0.967502409267521	1.0317262080245309	0.7174312362311424
61.84723223223223	-0.9675547133266205	1.031676583508664	0.7174642412899469
61.946330330330326	-0.9676068494410353	1.0316271132362715	0.7174971400613086
62.04542842842842	-0.9676588184142154	1.0315777965368589	0.7175299330551834
62.14452652652652	-0.9677106210457096	1.031528632736439	0.71756262077905
62.24362462462462	-0.9677622581310579	1.0314796211610244	0.7175952037378407
62.34272272272272	-0.9678137304617024	1.0314307611366282	0.7176276824338835
62.441820820820816	-0.9678650388248966	1.0313820519892627	0.7176600573668446
62.54091891891891	-0.9679161840036156	1.0313334930449412	0.71769232903367
62.640017017017016	-0.9679671667764659	1.0312850836296759	0.717724497928528
62.73911511511511	-0.9680179879175959	1.03123682306948	0.7177565645427512
62.83821321321321	-0.9680686481966052	1.0311887106903659	0.7177885293647787
62.937311311311305	-0.968119148378455	1.0311407458183466	0.717820392880098
63.0364094094094	-0.9681694892233781	1.031092927779435	0.7178521555711875
63.135507507507505	-0.9682196714867883	1.0310452558996435	0.7178838179174585
63.2346056056056	-0.9682696959191914	1.0309977295049852	0.7179153803951969
63.3337037037037	-0.9683195632660943	1.0309503479214726	0.7179468434775059
63.432801801801794	-0.9683692742679151	1.0309031104751187	0.717978207634248
63.5318998998999	-0.9684188296598936	1.030856016491936	0.718009473331987
63.630997997997994	-0.9684682301720007	1.0308090652979376	0.7180406410339297
63.73009609609609	-0.9685174765288486	1.0307622562191359	0.7180717111998692
63.82919419419419	-0.968566569449601	1.0307155885815438	0.718102684286126
63.92829229229229	-0.9686155096478827	1.0306690617111742	0.7181335607454903
64.0273903903904	-0.9686642978316896	1.03062267493404	0.7181643410271644
64.12648848848849	-0.9687129347035446	1.0305764276017613	0.7181950255768624
64.22558658658659	-0.968761420962298	1.0305303191314432	0.7182256148379663
64.32468468468468	-0.9688097573036749	1.0304843489350652	0.718256109251876
64.42378278278278	-0.9688579444199876	1.0304385164242977	0.7182865092578239
64.52288088088088	-0.968905983000071	1.0303928210108113	0.7183168152928342
64.62197897897897	-0.9689538737292185	1.0303472621062766	0.7183470277916808
64.72107707707707	-0.9690016172891174	1.0303018391223642	0.7183771471868468
64.82017517517518	-0.9690492143577853	1.0302565514707445	0.7184071739084823
64.91927327327328	-0.9690966656095057	1.030211398563088	0.7184371083843643
65.01837137137137	-0.9691439717147633	1.0301663798110656	0.7184669510398543
65.11746946946947	-0.9691911333401806	1.030121494626348	0.7184967022978578
65.21656756756757	-0.969238151148453	1.0300767424206052	0.7185263625787828
65.31566566566566	-0.9692850257982853	1.030032122605508	0.7185559323004984
65.41476376376377	-0.9693317579443269	1.0299876345927272	0.7185854118782937
65.51386186186187	-0.9693783482371077	1.0299432777939332	0.7186148017248368
65.61295995995997	-0.9694247973229742	1.0298990516207966	0.7186441022501329
65.71205805805806	-0.969471105844025	1.029854955484988	0.7186733138614833
65.81115615615616	-0.9695172744380469	1.029810988798178	0.7187024369634446
65.91025425425426	-0.9695633037384506	1.0297671509720367	0.7187314719577867
66.00935235235235	-0.9696091943742061	1.0297234414182355	0.7187604192434522
66.10845045045045	-0.9696549469697792	1.0296798595484444	0.7187892792165147
66.20754854854854	-0.9697005621450665	1.029636404774334	0.7188180522701376
66.30664664664666	-0.969746040515333	1.0295930765081351	0.7188467387945335
66.40574474474475	-0.9697913826915431	1.0295498742024025	0.7188753391771774
66.50484284284285	-0.9698365892816896	1.0295067973459553	0.7189038538036588
66.60394094094094	-0.9698816608909576	1.0294638454229357	0.7189322830577862
66.70303903903904	-0.9699265981216236	1.0294210179174845	0.7189606273215212
66.80213713713714	-0.9699714015730028	1.029378314313744	0.7189888869749449
66.90123523523523	-0.9700160718413964	1.0293357340958555	0.7190170623962246
67.00033333333333	-0.9700606095200394	1.0292932767479606	0.7190451539615798
67.09943143143144	-0.9701050151990473	1.0292509417542006	0.7190731620452482
67.19852952952954	-0.9701492894653648	1.0292087285987173	0.7191010870194523
67.29762762762763	-0.970193432902712	1.0291666367656522	0.7191289292543654
67.39672572572573	-0.9702374460915323	1.029124665739147	0.7191566891180782
67.49582382382383	-0.9702813296089399	1.0290828150033433	0.7191843669765645
67.59492192192192	-0.9703250840286672	1.0290410840423825	0.7192119631936481
67.69402002002002	-0.9703687099210122	1.0289994723404061	0.7192394781309682
67.79311811811812	-0.9704122078527859	1.028957979381556	0.7192669121479467
67.89221621621621	-0.9704555783872598	1.0289166046499734	0.7192942656017535
67.99131431431432	-0.9704988220841134	1.0288753476297998	0.7193215388472733
68.09041241241242	-0.9705419394993813	1.0288342078051773	0.7193487322370717
68.18951051051052	-0.970584931185401	1.0287931846602472	0.7193758461213615
68.28860860860861	-0.9706277976907601	1.0287522776791507	0.7194028808479687
68.38770670670671	-0.9706705395602441	1.02871148634603	0.7194298367622989
68.4868048048048	-0.9707131573347832	1.0286708101450261	0.719456714207304
68.5859029029029	-0.9707556515513475	1.0286302485592937	0.7194835135234136
68.685001001001	-0.9707980227418516	1.028589801090726	0.7195102350478366
68.7840990990991	-0.9708402714343686	1.0285494672868127	0.7195368791153378
68.8831971971972	-0.970882398155114	1.0285092466994548	0.7195634460595061
68.9822952952953	-0.9709244034284517	1.0284691388805534	0.7195899362127587
69.0813933933934	-0.9709662877768097	1.0284291433820092	0.7196163499062871
69.1804914914915	-0.9710080517205968	1.0283892597557234	0.7196426874700034
69.27958958958959	-0.9710496957781177	1.0283494875535972	0.7196689492324859
69.37868768768769	-0.9710912204654895	1.0283098263275314	0.7196951355209263
69.47778578578578	-0.9711326262965576	1.0282702756294269	0.719721246661075
69.57688388388388	-0.971173913782812	1.028230835011185	0.7197472829771875
69.67598198198199	-0.9712150834333025	1.0281915040247065	0.7197732447919709
69.77508008008009	-0.9712561357545558	1.0281522822218927	0.7197991324265299
69.87417817817818	-0.9712970712504905	1.0281131691546441	0.7198249462003128
69.97327627627628	-0.9713378904223336	1.0280741643748623	0.7198506864310579
70.07237437437438	-0.9713785937685366	1.028035267434448	0.7198763534347397
70.17147247247247	-0.9714191817846912	1.0279964778853021	0.719901947525515
70.27057057057057	-0.9714596549634454	1.0279577952793257	0.7199274690156688
70.36966866866867	-0.9715000137944195	1.02791921916842	0.7199529182155616
70.46876676676676	-0.9715402587641223	1.027880749104486	0.719978295433574
70.56786486486487	-0.9715803903558666	1.0278423846394245	0.7200036009760536
70.66696296296297	-0.9716204090496859	1.0278041253251364	0.7200288351472621
70.76606106106107	-0.9716603153222498	1.0277659707135232	0.7200539982493198
70.86515915915916	-0.9717001096467803	1.0277279203564855	0.7200790905821529
70.96425725725726	-0.9717397924929676	1.0276899738059244	0.7201041124434395
71.06335535535536	-0.9717793643268864	1.0276521306137412	0.7201290641285556
71.16245345345345	-0.9718188256109116	1.0276143903318364	0.7201539459305214
71.26155155155155	-0.9718581768036345	1.0275767525121116	0.7201787581399475
71.36064964964966	-0.9718974183597883	1.0275392167080561	0.720203501044987
71.45974774774776	-0.9719365507315638	1.027501782524821	0.7202281749321783
71.55884584584585	-0.9719755743709331	1.0274644495873433	0.7202527800879315
71.65794394394395	-0.97201448972824	1.0274272175111931	0.7202773167976267
71.75704204204204	-0.9720532972519184	1.0273900859119411	0.7203017853454333
71.85614014014014	-0.9720919973884572	1.0273530544051575	0.720326186014287
71.95523823823824	-0.9721305905823656	1.027316122606412	0.7203505190858684
72.05433633633633	-0.9721690772761389	1.0272792901312755	0.7203747848405803
72.15343443443443	-0.9722074579102236	1.027242556595318	0.720398983557526
72.25253253253254	-0.9722457329229829	1.0272059216141098	0.7204231155144867
72.35163063063064	-0.9722839027506625	1.027169384803221	0.7204471809878996
72.45072872872873	-0.9723219678273554	1.0271329457782221	0.7204711802528356
72.54982682682683	-0.9723599285849678	1.0270966041546834	0.7204951135829775
72.64892492492493	-0.9723977854531846	1.0270603595481747	0.7205189812505969
72.74802302302302	-0.972435538859434	1.0270242115742667	0.7205427835265332
72.84712112112112	-0.9724731892288544	1.0269881598485295	0.7205665206801708
72.94621921921922	-0.9725107369842584	1.0269522039865335	0.7205901929794167
73.04531731731731	-0.9725481825460989	1.0269163436038489	0.7206138006906789
73.14441541541542	-0.9725855263324344	1.0268805783160457	0.7206373440788439
73.24351351351352	-0.972622768758895	1.0268449077386945	0.7206608234072548
73.34261161161162	-0.9726599102386464	1.0268093314873654	0.7206842389376885
73.44170970970971	-0.9726969511823571	1.0267738491776286	0.7207075909303343
73.54080780780781	-0.9727338919981623	1.0267384604250545	0.7207308796437716
73.6399059059059	-0.9727707330916305	1.0267031648452132	0.7207541053349469
73.739004004004	-0.9728074748657282	1.0266679620536752	0.7207772682591528
73.8381021021021	-0.9728441177207854	1.0266328516660106	0.7208003686700051
73.93720020020021	-0.9728806620544616	1.0265978332977896	0.7208234068194209
74.0362982982983	-0.9729171082617103	1.0265629065645827	0.7208463829575963
74.1353963963964	-0.9729534567347455	1.0265280710819638	0.7208692973329842
74.2344944944945	-0.972989707863187	1.0264933264931435	0.7208921501923881
74.3335925925926	-0.9730258620349842	1.0264586724752651	0.7209149417815525
74.43269069069069	-0.9730619196366185	1.026424108696403	0.7209376723452924
74.53178878878879	-0.973097881053012	1.0263896348246317	0.7209603421274355
74.63088688688688	-0.973133746667498	1.0263552505280256	0.7209829513708027
74.72998498498498	-0.9731695168617907	1.0263209554746588	0.7210055003171891
74.82908308308309	-0.9732051920159558	1.026286749332606	0.7210279892073446
74.92818118118119	-0.9732407725083806	1.0262526317699416	0.7210504182809552
75.02727927927928	-0.9732762587157436	1.0262186024547397	0.7210727877766233
75.12637737737738	-0.9733116510129857	1.0261846610550749	0.7210950979318492
75.22547547547548	-0.9733469497732788	1.0261508072390217	0.7211173489830114
75.32457357357357	-0.9733821553679979	1.0261170406746543	0.7211395411653474
75.42367167167167	-0.9734172681666893	1.026083361030047	0.7211616747129352
75.52276976976977	-0.9734522885370421	1.0260497679732743	0.7211837498586734
75.62186786786788	-0.9734872168448577	1.0260162611724106	0.7212057668342626
75.72096596596597	-0.9735220534540204	1.0259828402955304	0.7212277258701858
75.82006406406407	-0.9735567987264669	1.025949505010708	0.7212496271956895
75.91916216216217	-0.973591453022157	1.0259162549860175	0.7212714710387648
76.01826026026026	-0.9736260166990437	1.0258830898895337	0.7212932576261274
76.11735835835836	-0.9736604901130429	1.0258500093893308	0.7213149871831996
76.21645645645646	-0.973694873618004	1.0258170131534834	0.7213366599340901
76.31555455455455	-0.9737291675656801	1.0257841008500654	0.7213582761015757
76.41465265265265	-0.9737633723056975	1.0257512721471516	0.7213798359070811
76.51375075075076	-0.9737974881855268	1.0257185267128164	0.7214013395706612
76.61284884884886	-0.9738315155504521	1.0256858642151339	0.7214227873109804
76.71194694694695	-0.9738654547435418	1.0256532843221786	0.7214441793452948
76.81104504504505	-0.9738993061056185	1.025620786702025	0.721465515889432
76.91014314314315	-0.9739330699752291	1.0255883710227474	0.7214867971577723
77.00924124124124	-0.9739667466886877	1.0255560369650147	0.7215080233632769
77.10833933933934	-0.9740003365807911	1.0255237842474285	0.7215291947179456
77.20743743743743	-0.9740338399851591	1.0254916125825686	0.721550311433035
77.30653553553553	-0.9740672572341104	1.0254595216824236	0.7215713737189772
77.40563363363364	-0.9741005886586369	1.025427511258983	0.7215923817853639
77.50473173173174	-0.9741338345883808	1.0253955810242357	0.7216133358409315
77.60382982982983	-0.9741669953516091	1.0253637306901704	0.7216342360935452
77.70292792792793	-0.9742000712751906	1.0253319599687762	0.7216550827501834
77.80202602602603	-0.974233062684571	1.0253002685720425	0.7216758760169227
77.90112412412412	-0.974265969903749	1.0252686562119577	0.7216966160989224
78.00022222222222	-0.9742987932552527	1.0252371226005113	0.7217173032004086
78.09932032032032	-0.9743315330601146	1.0252056674496919	0.7217379375246593
78.19841841841843	-0.9743641896378481	1.025174290471489	0.7217585192739886
78.29751651651652	-0.9743967633064231	1.0251429913778909	0.7217790486497313
78.39661461461462	-0.9744292543822421	1.0251117698808871	0.7217995258522278
78.49571271271272	-0.974461663180116	1.0250806256924667	0.7218199510808084
78.59481081081081	-0.9744939900132396	1.0250495585246182	0.7218403245337774
78.69390890890891	-0.9745262351931682	1.0250185680893311	0.7218606464083989
78.793007007007	-0.9745583990297928	1.024987654098594	0.7218809169008796
78.8921051051051	-0.9745904818313166	1.024956816264396	0.7219011362063553
78.9912032032032	-0.9746224839042301	1.0249260542987264	0.7219213045188738
79.09030130130131	-0.9746544055532879	1.024895367913574	0.7219414220313805
79.1893993993994	-0.9746862470814837	1.0248647568209275	0.7219614889357023
79.2884974974975	-0.9747180087900268	1.0248342207327763	0.7219815054225329
79.3875955955956	-0.9747496909783178	1.0248037593611092	0.7220014716814166
79.4866936936937	-0.9747812939439242	1.0247733724179153	0.7220213879007331
79.58579179179179	-0.9748128179825569	1.0247430596151836	0.7220412542676825
79.68488988988989	-0.9748442633880454	1.0247128206649032	0.722061070968269
79.78398798798798	-0.9748756304523375	1.0246826552837471	0.7220808381873015
79.8830860860861	-0.9749069194660002	1.0246525632210421	0.7221005561087126
79.98218418418419	-0.9749381307186502	1.0246225442274186	0.7221202249158349
80.08128228228229	-0.9749692644987876	1.0245925980517887	0.7221398447912938
80.18038038038038	-0.9750003210937699	1.024562724443065	0.7221594159169906
80.27947847847848	-0.9750313007897945	1.02453292315016	0.7221789384740924
80.37857657657658	-0.9750622038718824	1.0245031939219862	0.7221984126430204
80.47767467467467	-0.9750930306238599	1.0244735365074558	0.7222178386034394
80.57677277277277	-0.9751237813283424	1.024443950655481	0.7222372165342461
80.67587087087087	-0.975154456266717	1.0244144361149747	0.7222565466135591
80.77496896896898	-0.975185055719125	1.024384992634849	0.722275829018707
80.87406706706707	-0.9752155799644449	1.0243556199640163	0.722295063926218
80.97316516516517	-0.9752460292802752	1.0243263178513888	0.7223142515118085
81.07226326326327	-0.9752764039429176	1.0242970860458795	0.7223333919503724
81.17136136136136	-0.9753067042273593	1.0242679242964003	0.7223524854159701
81.27045945945946	-0.9753369304072561	1.0242388323518639	0.7223715320818173
81.36955755755756	-0.9753670827549153	1.0242098099611825	0.7223905321202739
81.46865565565565	-0.9753971615412784	1.0241808568732687	0.7224094857028336
81.56775375375375	-0.9754271670359037	1.0241519728370345	0.7224283930001123
81.66685185185186	-0.9754570995069499	1.024123157601393	0.7224472541818375
81.76594994994996	-0.975486959221158	1.0240944109152559	0.7224660694168369
81.86504804804805	-0.9755167464438347	1.024065732527536	0.7224848388730278
81.96414614614615	-0.9755464614388352	1.0240371221871456	0.722503562717406
82.06324424424425	-0.9755761044685458	1.024008579642997	0.7225222411160346
82.16234234234234	-0.9756056757938669	1.023980104644003	0.7225408742340332
82.26144044044044	-0.9756351756741958	1.0239516969390754	0.722559462235567
82.36053853853853	-0.9756646043674094	1.023923356277127	0.7225780052838356
82.45963663663665	-0.9756939621298476	1.0238950824070703	0.7225965035410622
82.55873473473474	-0.9757232492162976	1.0238668750790119	0.7226149571684838
82.65783283283284	-0.9757524658801995	1.023838734066793	0.7226333663264827
82.75693093093093	-0.9757816123740856	1.0238106591530558	0.7226517311748674
82.85602902902903	-0.9758106889495505	1.0237826501178935	0.7226700518728527
82.95512712712713	-0.9758396958572233	1.0237547067413992	0.7226883285790422
83.05422522522522	-0.9758686333467534	1.0237268288036658	0.7227065614514189
83.15332332332332	-0.9758975016667968	1.0236990160847863	0.7227247506473365
83.25242142142142	-0.9759263010650016	1.0236712683648534	0.7227428963235107
83.35151951951953	-0.9759550317879945	1.0236435854239605	0.7227609986360095
83.45061761761762	-0.9759836940813661	1.0236159670422005	0.7227790577402448
83.54971571571572	-0.9760122881896576	1.0235884129996662	0.7227970737909631
83.64881381381382	-0.9760408143563459	1.0235609230764509	0.7228150469422369
83.74791191191191	-0.9760692728238304	1.0235334970526473	0.7228329773474549
83.84701001001001	-0.9760976638334184	1.0235061347083485	0.7228508651593142
83.9461081081081	-0.9761259876253111	1.0234788358236475	0.7228687105298103
84.0452062062062	-0.9761542444385899	1.0234516001786371	0.7228865136102284
84.14430430430431	-0.9761824345112017	1.0234244275534108	0.7229042745511348
84.24340240240241	-0.9762105580799456	1.023397317728061	0.7229219935023674
84.3425005005005	-0.9762386153804585	1.0233702704826813	0.7229396706130269
84.4415985985986	-0.9762666066472008	1.023343285597364	0.7229573060314681
84.5406966966967	-0.9762945321134429	1.0233163628522026	0.7229748999052903
84.6397947947948	-0.9763223920112505	1.0232895020272899	0.7229924523813288
84.73889289289289	-0.9763501865714713	1.0232627029027188	0.723009963605646
84.83799099099099	-0.9763779160237203	1.0232359652585827	0.7230274337235216
84.93708908908908	-0.9764055805963661	1.0232092888749742	0.723044862879445
85.0361871871872	-0.9764331805165166	1.0231826735319862	0.7230622512171049
85.13528528528529	-0.9764607160100054	1.0231561190097123	0.7230795988793811
85.23438338338339	-0.9764881873013771	1.0231296250882447	0.7230969060083354
85.33348148148148	-0.9765155946138738	1.0231031915476239	0.7231141727452025
85.43257957957958	-0.9765429381691485	1.0230768181679415	0.7231313992302077
85.53167767767768	-0.9765702181870259	1.0230505047505476	0.7231485856024152
85.63077577577577	-0.9765974348865688	1.0230242511047238	0.723165732000407
85.72987387387387	-0.9766245884862499	1.0229980570397514	0.7231828385623927
85.82897197197197	-0.9766516792039287	1.0229719223649114	0.7231999054261946
85.92807007007008	-0.9766787072568291	1.0229458468894854	0.7232169327292333
86.02716816816817	-0.9767056728615168	1.0229198304227545	0.7232339206085129
86.12626626626627	-0.9767325762338759	1.0228938727740002	0.7232508692006075
86.22536436436437	-0.9767594175890876	1.0228679737525037	0.7232677786416457
86.32446246246246	-0.976786197141606	1.0228421331675464	0.7232846490672966
86.42356056056056	-0.9768129151051366	1.0228163508284096	0.7233014806127552
86.52265865865866	-0.9768395716926128	1.0227906265443745	0.7233182734127283
86.62175675675675	-0.9768661671161739	1.0227649601247224	0.7233350276014192
86.72085485485486	-0.9768927015871419	1.0227393513787348	0.7233517433125143
86.81995295295296	-0.9769191753159993	1.022713800115693	0.7233684206791678
86.91905105105106	-0.9769455885123657	1.0226883061448784	0.7233850598339878
87.01814914914915	-0.976971941384976	1.022662869275572	0.7234016609090211
87.11724724724725	-0.9769982341416572	1.0226374893170551	0.7234182240357395
87.21634534534535	-0.9770244669893059	1.0226121660786096	0.7234347493450252
87.31544344344344	-0.9770506401338652	1.0225868993695162	0.7234512369671556
87.41454154154154	-0.9770767537803031	1.0225616889990563	0.72346768703179
87.51363963963963	-0.9771028081325883	1.0225365347765114	0.723484099667954
87.61273773773775	-0.9771288033936689	1.022511436511163	0.723500475004026
87.71183583583584	-0.9771547397654491	1.022486394012292	0.7235168131677221
87.81093393393394	-0.9771806174487663	1.0224614070891798	0.7235331142860816
87.91003203203203	-0.9772064366433689	1.022436475551108	0.7235493784854529
88.00913013013013	-0.9772321975478936	1.0224115992073575	0.7235656058914791
88.10822822822823	-0.9772579003598423	1.02238677786721	0.7235817966290831
88.20732632632632	-0.9772835452755598	1.0223620113399465	0.7235979508224533
88.30642442442442	-0.9773091324902111	1.0223372994348487	0.7236140685950293
88.40552252252252	-0.9773346621977587	1.0223126419611976	0.7236301500694872
88.50462062062063	-0.9773601345909394	1.0222880387282745	0.7236461953677252
88.60371871871872	-0.9773855498612426	1.0222634895453608	0.7236622046108495
88.70281681681682	-0.9774109081988871	1.022238994221738	0.723678177919159
88.80191491491492	-0.977436209792798	1.0222145525666873	0.7236941154121318
88.90101301301301	-0.9774614548307096	1.0221901643990663	0.7237100172084893
89.00011111111111	-0.9774866435002637	1.0221658295655336	0.7237258834268975
89.0992092092092	-0.9775117759889257	1.0221415479036071	0.7237417141859126
89.1983073073073	-0.9775368524835404	1.0221173192500337	0.7237575096036988
89.29740540540541	-0.9775618731703192	1.02209314344156	0.7237732697980195
89.39650350350351	-0.9775868382348306	1.0220690203149334	0.7237889948862315
89.4956016016016	-0.977611747861991	1.0220449497069004	0.7238046849852793
89.5946996996997	-0.9776366022360553	1.0220209314542081	0.7238203402116883
89.6937977977978	-0.9776614015406072	1.0219969653936034	0.7238359606815599
89.7928958958959	-0.9776861459585505	1.021973051361833	0.7238515465105646
89.89199399399399	-0.9777108356720995	1.021949189195644	0.7238670978139369
89.99109209209209	-0.9777354708627692	1.0219253787317835	0.7238826147064683
90.09019019019019	-0.9777600517113667	1.0219016198069981	0.7238980973025022
90.1892882882883	-0.9777845783979814	1.0218779122580348	0.7239135457159276
90.28838638638639	-0.9778090511019758	1.0218542559216404	0.7239289600601733
90.38748448448449	-0.9778334700019761	1.021830650634562	0.7239443404482012
90.48658258258259	-0.977857835275863	1.0218070962335466	0.7239596869925017
90.58568068068068	-0.9778821471007623	1.0217835925553407	0.7239749998050864
90.68477877877878	-0.9779064056530352	1.0217601394366917	0.7239902789974828
90.78387687687687	-0.9779306111082697	1.0217367367143462	0.7240055246807282
90.88297497497497	-0.9779547636412707	1.021713384225051	0.7240207369653638
90.98207307307308	-0.9779788634260506	1.0216900818055534	0.7240359159614287
91.08117117117118	-0.9780029106358205	1.0216668292925999	0.7240510617784536
91.18026926926927	-0.9780269054429801	1.0216436265229378	0.7240661745254554
91.27936736736737	-0.9780508480191094	1.0216204733333136	0.7240812543109307
91.37846546546547	-0.9780747385349582	1.0215973695604745	0.7240963012428505
91.47756356356356	-0.9780985771604375	1.0215743150411676	0.7241113154286534
91.57666166166166	-0.97812236406461	1.0215513096121394	0.7241262969752402
91.67575975975976	-0.9781460994156808	1.0215283531101367	0.7241412459889677
91.77485785785785	-0.9781697833809877	1.021505445371907	0.7241561625756427
91.87395595595596	-0.9781934161269925	1.0214825862341967	0.7241710468405166
91.97305405405406	-0.9782169978192711	1.021459775533753	0.7241858988882784
92.07215215215216	-0.9782405286225045	1.0214370131073225	0.7242007188230495
92.17125025025025	-0.9782640087004693	1.0214142987916524	0.7242155067483776
92.27034834834835	-0.9782874382160281	1.0213916324234895	0.7242302627672306
92.36944644644645	-0.9783108173311248	1.0213690138413964	0.7242449869819927
92.46854454454454	-0.9783341462069647	1.0213464429064003	0.724259679494581
92.56764264264264	-0.9783574250043063	1.0213239194806043	0.72427434040663
92.66674074074074	-0.9783806538834086	1.0213014434233343	0.7242889698194581
92.76583883883885	-0.9784038330040129	1.0212790145939161	0.7243035678340577
92.86493693693694	-0.978426962525337	1.0212566328516757	0.7243181345510895
92.96403503503504	-0.9784500426060654	1.0212342980559386	0.7243326700708772
93.06313313313314	-0.9784730734043421	1.0212120100660307	0.724347174493403
93.16223123123123	-0.9784960550777626	1.0211897687412779	0.7243616479183019
93.26132932932933	-0.9785189877833655	1.021167573941006	0.7243760904448573
93.36042742742742	-0.9785418716776252	1.0211454255245407	0.7243905021719946
93.45952552552552	-0.9785647069164429	1.0211233233512078	0.7244048831982778
93.55862362362363	-0.9785874936551396	1.0211012672803335	0.7244192336219029
93.65772172172173	-0.9786102320484472	1.0210792571712428	0.7244335535406933
93.75681981981982	-0.9786329222505015	1.0210572928832622	0.7244478430520951
93.85591791791792	-0.9786555644148329	1.0210353742757172	0.7244621022531714
93.95501601601602	-0.9786781586943599	1.0210135012079338	0.7244763312405974
94.05411411411411	-0.9787007052413798	1.0209916735392377	0.7244905301106555
94.15321221221221	-0.9787232042075612	1.0209698911289546	0.7245046989592293
94.2523103103103	-0.9787456557439365	1.0209481538364102	0.7245188378818
94.3514084084084	-0.9787680600008929	1.0209264615209308	0.72453294697344
94.45050650650651	-0.978790417128165	1.0209048140418417	0.7245470263288079
94.54960460460461	-0.9788127272748269	1.0208832112584691	0.724561076042144
94.6487027027027	-0.9788349905892839	1.0208616530301384	0.724575096207265
94.7478008008008	-0.9788572072192644	1.0208401392161757	0.7245890869175584
94.8468988988989	-0.9788793773118124	1.0208186696759067	0.7246030482659779
94.945996996997	-0.978901501013279	1.0207972442686573	0.724616980345038
95.04509509509509	-0.9789235784693144	1.0207758628537529	0.724630883246809
95.14419319319319	-0.9789456098248606	1.02075452529052	0.724644757062912
95.2432912912913	-0.9789675952241421	1.0207332314382838	0.7246586018845133
95.3423893893894	-0.9789895348106594	1.0207119811563703	0.72467241780232
95.44148748748749	-0.9790114287271799	1.0206907743041054	0.724686204906574
95.54058558558559	-0.9790332771157302	1.0206696107408149	0.7246999632870479
95.63968368368369	-0.9790550801175882	1.0206484903258244	0.7247136930330391
95.73878178178178	-0.9790768378732753	1.02062741291846	0.724727394233365
95.83787987987988	-0.9790985505225477	1.0206063783780646	0.7247410669763575
95.93697797797797	-0.9791202182044617	1.020585386576289	0.7247547113499052
96.03607607607607	-0.9791418410576758	1.0205644373958747	0.7247683274416461
96.13517417417418	-0.9791634192204535	1.0205435307149826	0.7247819153389687
96.23427227227228	-0.9791849528306278	1.0205226664117741	0.7247954751289899
96.33337037037037	-0.9792064420255947	1.0205018443644107	0.7248090068985499
96.43246846846847	-0.979227886942307	1.0204810644510534	0.724822510734209
96.53156656656657	-0.9792492877172677	1.0204603265498635	0.724835986722243
96.63066466466466	-0.9792706444865233	1.0204396305390022	0.7248494349486391
96.72976276276276	-0.9792919573856577	1.0204189762966307	0.7248628554990918
96.82886086086086	-0.9793132265497853	1.0203983637009104	0.7248762484589987
96.92795895895895	-0.9793344521135449	1.0203777926300024	0.7248896139134565
97.02705705705706	-0.979355634211093	1.0203572629620679	0.724902951947257
97.12615515515516	-0.9793767729760974	1.020336774575268	0.7249162626448824
97.22525325325326	-0.9793978685417306	1.0203163273477645	0.7249295460905019
97.32435135135135	-0.9794189210406635	1.020295921157718	0.7249428023679667
97.42344944944945	-0.9794399306050591	1.0202755558832903	0.7249560315608069
97.52254754754755	-0.9794608973665652	1.020255231402642	0.7249692337522264
97.62164564564564	-0.9794818214563088	1.020234947593935	0.7249824090250996
97.72074374374374	-0.9795027030048893	1.02021470433533	0.7249955574619664
97.81984184184185	-0.979523542142372	1.0201945015049885	0.7250086791450289
97.91893993993995	-0.9795443389982817	1.0201743389810718	0.7250217741561465
98.01803803803804	-0.9795650937015961	1.020154216641741	0.7250348425768327
98.11713613613614	-0.9795858063807391	1.0201341343651573	0.7250478844882497
98.21623423423424	-0.9796064771635752	1.020114092029482	0.7250608999712057
98.31533233233233	-0.9796271061774018	1.0200940895128763	0.7250738891061494
98.41443043043043	-0.9796476935489437	1.0200741266935016	0.725086851973167
98.51352852852852	-0.9796682394043461	1.0200542034495188	0.7250997886519773
98.61262662662662	-0.9796887438691686	1.0200343196590895	0.7251126992219279
98.71172472472473	-0.9797092070683778	1.0200144752003748	0.7251255837619911
98.81082282282283	-0.979729629126342	1.0199946699515359	0.7251384423507594
98.90992092092092	-0.9797500101668237	1.0199749037907342	0.725151275066442
99.00901901901902	-0.979770350312974	1.0199551765961306	0.7251640819868598
99.10811711711712	-0.9797906496873252	1.0199354882458866	0.7251768631894424
99.20721521521521	-0.9798109084117852	1.0199158386181633	0.7251896187512228
99.30631331331331	-0.9798311266076303	1.019896227591122	0.7252023487488339
99.40541141141141	-0.979851304395518	1.019876655046851	0.7252150532585165
99.50450950950952	-0.9798714418957193	1.0198571208826934	0.7252277323562668
99.60360760760761	-0.9798915392282062	1.0198376249931287	0.7252403861178924
99.70270570570571	-0.9799115965125804	1.019818167272117	0.7252530146189673
99.80180380380381	-0.9799316138680674	1.0197987476136186	0.7252656179348272
99.9009019019019	-0.9799515914135112	1.0197793659115935	0.7252781961405674
100.	-0.9799715292673704	1.019760022060002	0.725290749311039